problem_id,arm,protect_mode,pool_size,nodes,ref_nodes,node_ratio,expansions,ref_expansions,expansion_ratio,filtered,solved,both,arm_only,ref_only,neither,failure,cycle,cap,violations,false_success,ref_violations,ref_false_success,ref_violations,ref_false_success,ref_failure,ref_cycle,solvable,shared,r1,r2,n_disjuncts,n_solvable,db_actions,db_conflict,mean_del,branch_actions,branch_conflict
0,unified,off,20,160,145,0.9062,41,37,0.9024,0,15,15,0,5,0,0,0,0,5,10,0,0,0,0,0,0,20,2,2,3,2,2,20,15,3.6,11,9
0,protect_l,left,20,80,145,1.8125,21,37,1.7619,22,16,16,0,4,0,4,0,0,0,0,0,0,0,0,0,0,20,2,2,3,2,2,20,15,3.6,2,0
0,protect_s,symmetric,20,20,145,7.25,6,37,6.1667,26,2,2,0,18,0,18,0,0,0,0,0,0,0,0,0,0,20,2,2,3,2,2,20,15,3.6,2,0
1,unified,off,21,112,113,1.0089,29,29,1.0,0,21,21,0,0,0,0,0,0,0,13,0,0,0,0,0,0,21,1,4,2,2,2,20,6,3.1,12,3
1,protect_l,left,21,84,113,1.3452,22,29,1.3182,31,20,20,0,1,0,1,0,0,0,0,0,0,0,0,0,0,21,1,4,2,2,2,20,6,3.1,8,0
1,protect_s,symmetric,21,88,113,1.2841,23,29,1.2609,52,17,17,0,4,0,4,0,0,0,0,0,0,0,0,0,0,21,1,4,2,2,2,20,6,3.1,8,0
2,unified,off,21,144,165,1.1458,37,42,1.1351,0,21,21,0,0,0,0,0,0,0,0,0,0,0,0,0,0,21,1,2,2,2,2,20,6,3.65,14,4
2,protect_l,left,21,188,165,0.8777,48,42,0.875,20,16,16,0,5,0,5,0,0,0,0,0,0,0,0,0,0,21,1,2,2,2,2,20,6,3.65,12,0
2,protect_s,symmetric,21,144,165,1.1458,37,42,1.1351,30,11,11,0,10,0,10,0,0,0,0,0,0,0,0,0,0,21,1,2,2,2,2,20,6,3.65,12,0
3,unified,off,21,72,41,0.5694,19,11,0.5789,0,21,21,0,0,0,0,0,0,0,0,0,0,0,0,0,0,21,1,2,2,2,2,20,5,3.9,6,1
3,protect_l,left,21,68,41,0.6029,18,11,0.6111,8,21,21,0,0,0,0,0,0,0,0,0,0,0,0,0,0,21,1,2,2,2,2,20,5,3.9,5,0
3,protect_s,symmetric,21,48,41,0.8542,13,11,0.8462,19,17,17,0,4,0,4,0,0,0,0,0,0,0,0,0,0,21,1,2,2,2,2,20,5,3.9,5,0
4,unified,off,21,156,157,1.0064,40,40,1.0,0,1,1,0,20,0,2,0,0,18,37,0,0,0,0,0,0,21,1,2,5,2,2,20,8,3.5,13,4
4,protect_l,left,21,136,157,1.1544,35,40,1.1429,39,19,19,0,2,0,2,0,0,0,0,0,0,0,0,0,0,21,1,2,5,2,2,20,8,3.5,11,0
4,protect_s,symmetric,21,116,157,1.3534,30,40,1.3333,46,11,11,0,10,0,10,0,0,0,0,0,0,0,0,0,0,21,1,2,5,2,2,20,8,3.5,11,0
5,unified,off,21,184,129,0.7011,47,33,0.7021,0,7,7,0,13,1,1,0,0,13,26,0,0,0,0,1,0,20,2,3,2,2,2,20,12,3.8,14,9
5,protect_l,left,21,92,129,1.4022,24,33,1.375,30,20,20,0,0,1,1,0,0,0,0,0,0,0,0,1,0,20,2,3,2,2,2,20,12,3.8,6,0
5,protect_s,symmetric,21,48,129,2.6875,13,33,2.5385,37,8,8,0,12,1,13,0,0,0,0,0,0,0,0,1,0,20,2,3,2,2,2,20,12,3.8,6,0
6,unified,off,21,132,121,0.9167,34,31,0.9118,0,3,3,0,18,0,0,0,0,18,36,0,0,0,0,0,0,21,1,2,4,2,2,20,5,3.75,12,3
6,protect_l,left,21,120,121,1.0083,31,31,1.0,21,21,21,0,0,0,0,0,0,0,0,0,0,0,0,0,0,21,1,2,4,2,2,20,5,3.75,10,0
6,protect_s,symmetric,21,96,121,1.2604,25,31,1.24,28,11,11,0,10,0,10,0,0,0,0,0,0,0,0,0,0,21,1,2,4,2,2,20,5,3.75,10,0
7,unified,off,21,144,141,0.9792,37,36,0.973,0,21,21,0,0,0,0,0,0,0,0,0,0,0,0,0,0,21,1,3,3,2,2,20,6,3.9,12,3
7,protect_l,left,21,124,141,1.1371,32,36,1.125,32,21,21,0,0,0,0,0,0,0,0,0,0,0,0,0,0,21,1,3,3,2,2,20,6,3.9,7,0
7,protect_s,symmetric,21,72,141,1.9583,19,36,1.8947,41,11,11,0,10,0,10,0,0,0,0,0,0,0,0,0,0,21,1,3,3,2,2,20,6,3.9,7,0
8,unified,off,21,136,145,1.0662,35,37,1.0571,0,17,17,0,0,4,4,0,0,0,11,0,0,0,0,4,0,17,2,2,1,2,2,20,12,3.55,13,8
8,protect_l,left,21,88,145,1.6477,23,37,1.6087,35,17,17,0,0,4,4,0,0,0,0,0,0,0,0,4,0,17,2,2,1,2,2,20,12,3.55,7,0
8,protect_s,symmetric,21,64,145,2.2656,17,37,2.1765,51,14,14,0,3,4,7,0,0,0,0,0,0,0,0,4,0,17,2,2,1,2,2,20,12,3.55,7,0
9,unified,off,21,152,117,0.7697,39,30,0.7692,0,19,19,0,0,2,2,0,0,0,0,0,0,0,0,2,0,19,1,2,2,2,2,20,7,3.7,13,5
9,protect_l,left,21,128,117,0.9141,33,30,0.9091,26,19,19,0,0,2,2,0,0,0,0,0,0,0,0,2,0,19,1,2,2,2,2,20,7,3.7,9,0
9,protect_s,symmetric,21,104,117,1.125,27,30,1.1111,40,14,14,0,5,2,7,0,0,0,0,0,0,0,0,2,0,19,1,2,2,2,2,20,7,3.7,9,0
10,unified,off,21,116,109,0.9397,30,28,0.9333,0,21,21,0,0,0,0,0,0,0,7,0,0,0,0,0,0,21,3,3,1,2,2,20,13,3.15,11,7
10,protect_l,left,21,72,109,1.5139,19,28,1.4737,29,16,16,0,5,0,5,0,0,0,0,0,0,0,0,0,0,21,3,3,1,2,2,20,13,3.15,5,0
10,protect_s,symmetric,21,48,109,2.2708,13,28,2.1538,51,15,15,0,6,0,6,0,0,0,0,0,0,0,0,0,0,21,3,3,1,2,2,20,13,3.15,5,0
11,unified,off,21,40,33,0.825,11,9,0.8182,0,21,21,0,0,0,0,0,0,0,0,0,0,0,0,0,0,21,1,4,2,2,2,20,11,4.3,5,1
11,protect_l,left,21,44,33,0.75,12,9,0.75,15,21,21,0,0,0,0,0,0,0,0,0,0,0,0,0,0,21,1,4,2,2,2,20,11,4.3,6,0
11,protect_s,symmetric,21,40,33,0.825,11,9,0.8182,19,7,7,0,14,0,14,0,0,0,0,0,0,0,0,0,0,21,1,4,2,2,2,20,11,4.3,6,0
12,unified,off,21,120,117,0.975,31,30,0.9677,0,21,21,0,0,0,0,0,0,0,3,0,0,0,0,0,0,21,3,2,5,2,2,20,14,3.35,8,3
12,protect_l,left,21,128,117,0.9141,33,30,0.9091,57,20,20,0,1,0,1,0,0,0,0,0,0,0,0,0,0,21,3,2,5,2,2,20,14,3.35,6,0
12,protect_s,symmetric,21,56,117,2.0893,15,30,2.0,63,4,4,0,17,0,17,0,0,0,0,0,0,0,0,0,0,21,3,2,5,2,2,20,14,3.35,6,0
13,unified,off,20,248,197,0.7944,63,50,0.7937,0,19,19,0,0,1,1,0,0,0,0,0,0,0,0,1,0,19,1,3,2,2,2,20,10,3.85,16,7
13,protect_l,left,20,108,197,1.8241,28,50,1.7857,21,16,16,0,3,1,4,0,0,0,0,0,0,0,0,1,0,19,1,3,2,2,2,20,10,3.85,6,0
13,protect_s,symmetric,20,56,197,3.5179,15,50,3.3333,27,7,7,0,12,1,13,0,0,0,0,0,0,0,0,1,0,19,1,3,2,2,2,20,10,3.85,6,0
14,unified,off,21,108,97,0.8981,28,25,0.8929,0,21,21,0,0,0,0,0,0,0,2,0,0,0,0,0,0,21,1,2,2,2,2,20,3,3.35,15,3
14,protect_l,left,21,100,97,0.97,26,25,0.9615,26,21,21,0,0,0,0,0,0,0,0,0,0,0,0,0,0,21,1,2,2,2,2,20,3,3.35,12,0
14,protect_s,symmetric,21,100,97,0.97,26,25,0.9615,30,21,21,0,0,0,0,0,0,0,0,0,0,0,0,0,0,21,1,2,2,2,2,20,3,3.35,12,0
15,unified,off,21,192,197,1.026,49,50,1.0204,0,21,21,0,0,0,0,0,0,0,0,0,0,0,0,0,0,21,1,1,3,2,2,20,4,3.5,16,2
15,protect_l,left,21,152,197,1.2961,39,50,1.2821,29,21,21,0,0,0,0,0,0,0,0,0,0,0,0,0,0,21,1,1,3,2,2,20,4,3.5,12,0
15,protect_s,symmetric,21,128,197,1.5391,33,50,1.5152,45,17,17,0,4,0,4,0,0,0,0,0,0,0,0,0,0,21,1,1,3,2,2,20,4,3.5,12,0
16,unified,off,20,180,97,0.5389,46,25,0.5435,0,2,2,0,15,3,18,0,0,0,6,0,0,0,0,3,0,17,3,1,1,2,2,20,17,4.1,13,10
16,protect_l,left,20,96,97,1.0104,25,25,1.0,18,8,8,0,9,3,12,0,0,0,0,0,0,0,0,3,0,17,3,1,1,2,2,20,17,4.1,2,0
16,protect_s,symmetric,20,20,97,4.85,6,25,4.1667,21,2,2,0,15,3,18,0,0,0,0,0,0,0,0,3,0,17,3,1,1,2,2,20,17,4.1,2,0
17,unified,off,21,156,105,0.6731,40,27,0.675,0,20,20,0,0,1,1,0,0,0,4,0,0,0,0,1,0,20,1,2,3,2,2,20,10,3.6,12,5
17,protect_l,left,21,116,105,0.9052,30,27,0.9,67,20,20,0,0,1,1,0,0,0,0,0,0,0,0,1,0,20,1,2,3,2,2,20,10,3.6,8,0
17,protect_s,symmetric,21,88,105,1.1932,23,27,1.1739,75,11,11,0,9,1,10,0,0,0,0,0,0,0,0,1,0,20,1,2,3,2,2,20,10,3.6,8,0
18,unified,off,21,116,133,1.1466,30,34,1.1333,0,21,21,0,0,0,0,0,0,0,1,0,0,0,0,0,0,21,2,3,1,2,2,20,10,3.85,13,7
18,protect_l,left,21,56,133,2.375,15,34,2.2667,26,21,21,0,0,0,0,0,0,0,0,0,0,0,0,0,0,21,2,3,1,2,2,20,10,3.85,6,0
18,protect_s,symmetric,21,48,133,2.7708,13,34,2.6154,37,10,10,0,11,0,11,0,0,0,0,0,0,0,0,0,0,21,2,3,1,2,2,20,10,3.85,6,0
19,unified,off,21,164,153,0.9329,42,39,0.9286,0,21,21,0,0,0,0,0,0,0,4,0,0,0,0,0,0,21,1,5,2,2,2,20,5,3.6,17,4
19,protect_l,left,21,180,153,0.85,46,39,0.8478,30,17,17,0,4,0,4,0,0,0,0,0,0,0,0,0,0,21,1,5,2,2,2,20,5,3.6,13,0
19,protect_s,symmetric,21,172,153,0.8895,44,39,0.8864,46,12,12,0,9,0,9,0,0,0,0,0,0,0,0,0,0,21,1,5,2,2,2,20,5,3.6,13,0
20,unified,off,21,148,117,0.7905,38,30,0.7895,0,21,21,0,0,0,0,0,0,0,5,0,0,0,0,0,0,21,2,1,3,2,2,20,13,4.15,12,7
20,protect_l,left,21,80,117,1.4625,21,30,1.4286,14,20,20,0,1,0,1,0,0,0,0,0,0,0,0,0,0,21,2,1,3,2,2,20,13,4.15,4,0
20,protect_s,symmetric,21,32,117,3.6562,9,30,3.3333,22,8,8,0,13,0,13,0,0,0,0,0,0,0,0,0,0,21,2,1,3,2,2,20,13,4.15,4,0
21,unified,off,21,116,141,1.2155,30,36,1.2,0,7,7,0,14,0,0,0,0,14,33,0,0,0,0,0,0,21,1,2,1,2,2,20,9,4.05,13,4
21,protect_l,left,21,132,141,1.0682,34,36,1.0588,82,21,21,0,0,0,0,0,0,0,0,0,0,0,0,0,0,21,1,2,1,2,2,20,9,4.05,10,0
21,protect_s,symmetric,21,112,141,1.2589,29,36,1.2414,101,19,19,0,2,0,2,0,0,0,0,0,0,0,0,0,0,21,1,2,1,2,2,20,9,4.05,10,0
22,unified,off,20,128,145,1.1328,33,37,1.1212,0,20,20,0,0,0,0,0,0,0,0,0,0,0,0,0,0,20,2,1,3,2,2,20,14,3.75,11,7
22,protect_l,left,20,80,145,1.8125,21,37,1.7619,20,20,20,0,0,0,0,0,0,0,0,0,0,0,0,0,0,20,2,1,3,2,2,20,14,3.75,3,0
22,protect_s,symmetric,20,24,145,6.0417,7,37,5.2857,25,2,2,0,18,0,18,0,0,0,0,0,0,0,0,0,0,20,2,1,3,2,2,20,14,3.75,3,0
23,unified,off,21,140,73,0.5214,36,19,0.5278,0,20,20,0,1,0,0,0,0,1,6,0,0,0,0,0,0,21,2,2,4,2,2,20,13,4.0,11,8
23,protect_l,left,21,72,73,1.0139,19,19,1.0,13,19,19,0,2,0,2,0,0,0,0,0,0,0,0,0,0,21,2,2,4,2,2,20,13,4.0,1,0
23,protect_s,symmetric,21,12,73,6.0833,4,19,4.75,18,4,4,0,17,0,17,0,0,0,0,0,0,0,0,0,0,21,2,2,4,2,2,20,13,4.0,1,0
24,unified,off,21,76,89,1.1711,20,23,1.15,0,21,21,0,0,0,0,0,0,0,2,0,0,0,0,0,0,21,1,5,1,2,2,20,9,3.75,8,4
24,protect_l,left,21,76,89,1.1711,20,23,1.15,16,21,21,0,0,0,0,0,0,0,0,0,0,0,0,0,0,21,1,5,1,2,2,20,9,3.75,5,0
24,protect_s,symmetric,21,48,89,1.8542,13,23,1.7692,21,11,11,0,10,0,10,0,0,0,0,0,0,0,0,0,0,21,1,5,1,2,2,20,9,3.75,5,0
25,unified,off,21,160,125,0.7812,41,32,0.7805,0,3,3,0,18,0,0,0,0,18,47,0,0,0,0,0,0,21,1,3,2,2,2,20,10,3.95,9,4
25,protect_l,left,21,76,125,1.6447,20,32,1.6,18,8,8,0,13,0,13,0,0,0,0,0,0,0,0,0,0,21,1,3,2,2,2,20,10,3.95,5,0
25,protect_s,symmetric,21,28,125,4.4643,8,32,4.0,26,5,5,0,16,0,16,0,0,0,0,0,0,0,0,0,0,21,1,3,2,2,2,20,10,3.95,5,0
26,unified,off,21,100,133,1.33,26,34,1.3077,0,10,10,0,11,0,0,0,0,11,21,0,0,0,0,0,0,21,2,2,1,2,2,20,10,3.8,6,2
26,protect_l,left,21,84,133,1.5833,22,34,1.5455,14,21,21,0,0,0,0,0,0,0,0,0,0,0,0,0,0,21,2,2,1,2,2,20,10,3.8,4,0
26,protect_s,symmetric,21,40,133,3.325,11,34,3.0909,34,8,8,0,13,0,13,0,0,0,0,0,0,0,0,0,0,21,2,2,1,2,2,20,10,3.8,4,0
27,unified,off,21,260,261,1.0038,66,66,1.0,0,5,5,0,16,0,0,0,0,16,34,0,0,0,0,0,0,21,1,4,3,2,2,20,3,3.35,18,2
27,protect_l,left,21,280,261,0.9321,71,66,0.9296,43,21,21,0,0,0,0,0,0,0,0,0,0,0,0,0,0,21,1,4,3,2,2,20,3,3.35,15,0
27,protect_s,symmetric,21,244,261,1.0697,62,66,1.0645,55,16,16,0,5,0,5,0,0,0,0,0,0,0,0,0,0,21,1,4,3,2,2,20,3,3.35,15,0
28,unified,off,21,344,313,0.9099,87,79,0.908,0,14,14,0,6,1,1,0,0,6,11,0,0,0,0,1,0,20,3,3,1,2,2,20,13,3.3,18,11
28,protect_l,left,21,140,313,2.2357,36,79,2.1944,16,15,15,0,5,1,6,0,0,0,0,0,0,0,0,1,0,20,3,3,1,2,2,20,13,3.3,5,0
28,protect_s,symmetric,21,44,313,7.1136,12,79,6.5833,26,8,8,0,12,1,13,0,0,0,0,0,0,0,0,1,0,20,3,3,1,2,2,20,13,3.3,5,0
29,unified,off,21,72,57,0.7917,19,15,0.7895,0,14,14,0,7,0,0,0,0,7,18,0,0,0,0,0,0,21,2,3,1,2,2,20,13,4.05,9,6
29,protect_l,left,21,68,57,0.8382,18,15,0.8333,44,21,21,0,0,0,0,0,0,0,0,0,0,0,0,0,0,21,2,3,1,2,2,20,13,4.05,6,0
29,protect_s,symmetric,21,72,57,0.7917,19,15,0.7895,67,21,21,0,0,0,0,0,0,0,0,0,0,0,0,0,0,21,2,3,1,2,2,20,13,4.05,6,0
30,unified,off,21,148,105,0.7095,38,27,0.7105,0,2,2,0,19,0,0,0,0,19,40,0,0,0,0,0,0,21,1,3,2,2,2,20,7,3.8,14,6
30,protect_l,left,21,140,105,0.75,36,27,0.75,34,21,21,0,0,0,0,0,0,0,0,0,0,0,0,0,0,21,1,3,2,2,2,20,7,3.8,13,0
30,protect_s,symmetric,21,104,105,1.0096,27,27,1.0,42,11,11,0,10,0,10,0,0,0,0,0,0,0,0,0,0,21,1,3,2,2,2,20,7,3.8,13,0
31,unified,off,21,100,61,0.61,26,16,0.6154,0,21,21,0,0,0,0,0,0,0,0,0,0,0,0,0,0,21,2,1,3,2,2,20,11,3.9,13,8
31,protect_l,left,21,80,61,0.7625,21,16,0.7619,34,21,21,0,0,0,0,0,0,0,0,0,0,0,0,0,0,21,2,1,3,2,2,20,11,3.9,6,0
31,protect_s,symmetric,21,60,61,1.0167,16,16,1.0,42,21,21,0,0,0,0,0,0,0,0,0,0,0,0,0,0,21,2,1,3,2,2,20,11,3.9,6,0
32,unified,off,21,112,85,0.7589,29,22,0.7586,0,20,20,0,0,1,1,0,0,0,3,0,0,0,0,1,0,20,2,1,2,2,2,20,10,3.8,12,5
32,protect_l,left,21,100,85,0.85,26,22,0.8462,43,20,20,0,0,1,1,0,0,0,0,0,0,0,0,1,0,20,2,1,2,2,2,20,10,3.8,8,0
32,protect_s,symmetric,21,76,85,1.1184,20,22,1.1,56,12,12,0,8,1,9,0,0,0,0,0,0,0,0,1,0,20,2,1,2,2,2,20,10,3.8,8,0
33,unified,off,21,140,125,0.8929,36,32,0.8889,0,21,21,0,0,0,0,0,0,0,0,0,0,0,0,0,0,21,1,2,5,2,2,20,9,4.05,16,7
33,protect_l,left,21,100,125,1.25,26,32,1.2308,37,21,21,0,0,0,0,0,0,0,0,0,0,0,0,0,0,21,1,2,5,2,2,20,9,4.05,9,0
33,protect_s,symmetric,21,100,125,1.25,26,32,1.2308,48,13,13,0,8,0,8,0,0,0,0,0,0,0,0,0,0,21,1,2,5,2,2,20,9,4.05,9,0
34,unified,off,21,224,197,0.8795,57,50,0.8772,0,1,1,0,20,0,0,0,0,20,57,0,0,0,0,0,0,21,1,3,3,2,2,20,8,3.35,15,6
34,protect_l,left,21,164,197,1.2012,42,50,1.1905,59,15,15,0,6,0,6,0,0,0,0,0,0,0,0,0,0,21,1,3,3,2,2,20,8,3.35,8,0
34,protect_s,symmetric,21,104,197,1.8942,27,50,1.8519,65,12,12,0,9,0,9,0,0,0,0,0,0,0,0,0,0,21,1,3,3,2,2,20,8,3.35,8,0
35,unified,off,21,152,113,0.7434,39,29,0.7436,0,21,21,0,0,0,0,0,0,0,6,0,0,0,0,0,0,21,3,2,3,2,2,20,15,3.5,12,9
35,protect_l,left,21,80,113,1.4125,21,29,1.381,27,18,18,0,3,0,3,0,0,0,0,0,0,0,0,0,0,21,3,2,3,2,2,20,15,3.5,5,0
35,protect_s,symmetric,21,44,113,2.5682,12,29,2.4167,31,5,5,0,16,0,16,0,0,0,0,0,0,0,0,0,0,21,3,2,3,2,2,20,15,3.5,5,0
36,unified,off,20,140,97,0.6929,36,25,0.6944,0,20,20,0,0,0,0,0,0,0,0,0,0,0,0,0,0,20,3,4,1,2,2,20,17,3.6,16,13
36,protect_l,left,20,68,97,1.4265,18,25,1.3889,17,20,20,0,0,0,0,0,0,0,0,0,0,0,0,0,0,20,3,4,1,2,2,20,17,3.6,3,0
36,protect_s,symmetric,20,24,97,4.0417,7,25,3.5714,20,2,2,0,18,0,18,0,0,0,0,0,0,0,0,0,0,20,3,4,1,2,2,20,17,3.6,3,0
37,unified,off,21,96,69,0.7188,25,18,0.72,0,19,19,0,0,2,2,0,0,0,0,0,0,0,0,2,0,19,1,6,2,2,2,20,6,3.6,13,1
37,protect_l,left,21,88,69,0.7841,23,18,0.7826,9,19,19,0,0,2,2,0,0,0,0,0,0,0,0,2,0,19,1,6,2,2,2,20,6,3.6,12,0
37,protect_s,symmetric,21,64,69,1.0781,17,18,1.0588,22,15,15,0,4,2,6,0,0,0,0,0,0,0,0,2,0,19,1,6,2,2,2,20,6,3.6,12,0
38,unified,off,19,104,101,0.9712,27,26,0.963,0,19,19,0,0,0,0,0,0,0,0,0,0,0,0,0,0,19,1,2,3,2,2,20,7,3.75,14,5
38,protect_l,left,19,68,101,1.4853,18,26,1.4444,15,19,19,0,0,0,0,0,0,0,0,0,0,0,0,0,0,19,1,2,3,2,2,20,7,3.75,10,0
38,protect_s,symmetric,19,64,101,1.5781,17,26,1.5294,23,11,11,0,8,0,8,0,0,0,0,0,0,0,0,0,0,19,1,2,3,2,2,20,7,3.75,10,0
39,unified,off,21,28,21,0.75,8,6,0.75,0,21,21,0,0,0,0,0,0,0,0,0,0,0,0,0,0,21,1,1,1,2,2,20,5,3.45,2,0
39,protect_l,left,21,28,21,0.75,8,6,0.75,6,21,21,0,0,0,0,0,0,0,0,0,0,0,0,0,0,21,1,1,1,2,2,20,5,3.45,2,0
39,protect_s,symmetric,21,28,21,0.75,8,6,0.75,17,21,21,0,0,0,0,0,0,0,0,0,0,0,0,0,0,21,1,1,1,2,2,20,5,3.45,2,0
40,unified,off,21,200,185,0.925,51,47,0.9216,0,21,21,0,0,0,0,0,0,0,14,0,0,0,0,0,0,21,2,3,2,2,2,20,9,3.5,13,5
40,protect_l,left,21,144,185,1.2847,37,47,1.2703,40,18,18,0,3,0,3,0,0,0,0,0,0,0,0,0,0,21,2,3,2,2,2,20,9,3.5,8,0
40,protect_s,symmetric,21,104,185,1.7788,27,47,1.7407,62,17,17,0,4,0,4,0,0,0,0,0,0,0,0,0,0,21,2,3,2,2,2,20,9,3.5,8,0
41,unified,off,20,108,101,0.9352,28,26,0.9286,0,20,20,0,0,0,0,0,0,0,0,0,0,0,0,0,0,20,1,1,4,2,2,20,8,3.8,14,5
41,protect_l,left,20,44,101,2.2955,12,26,2.1667,15,20,20,0,0,0,0,0,0,0,0,0,0,0,0,0,0,20,1,1,4,2,2,20,8,3.8,6,0
41,protect_s,symmetric,20,32,101,3.1562,9,26,2.8889,24,11,11,0,9,0,9,0,0,0,0,0,0,0,0,0,0,20,1,1,4,2,2,20,8,3.8,6,0
42,unified,off,21,100,125,1.25,26,32,1.2308,0,21,21,0,0,0,0,0,0,0,1,0,0,0,0,0,0,21,1,1,2,2,2,20,7,3.65,11,5
42,protect_l,left,21,88,125,1.4205,23,32,1.3913,29,21,21,0,0,0,0,0,0,0,0,0,0,0,0,0,0,21,1,1,2,2,2,20,7,3.65,7,0
42,protect_s,symmetric,21,68,125,1.8382,18,32,1.7778,39,21,21,0,0,0,0,0,0,0,0,0,0,0,0,0,0,21,1,1,2,2,2,20,7,3.65,7,0
43,unified,off,21,100,101,1.01,26,26,1.0,0,21,21,0,0,0,0,0,0,0,4,0,0,0,0,0,0,21,1,4,1,2,2,20,9,4.4,12,4
43,protect_l,left,21,76,101,1.3289,20,26,1.3,21,21,21,0,0,0,0,0,0,0,0,0,0,0,0,0,0,21,1,4,1,2,2,20,9,4.4,8,0
43,protect_s,symmetric,21,60,101,1.6833,16,26,1.625,36,19,19,0,2,0,2,0,0,0,0,0,0,0,0,0,0,21,1,4,1,2,2,20,9,4.4,8,0
44,unified,off,21,128,101,0.7891,33,26,0.7879,0,21,21,0,0,0,0,0,0,0,0,0,0,0,0,0,0,21,1,3,1,2,2,20,10,3.95,15,7
44,protect_l,left,21,40,101,2.525,11,26,2.3636,15,21,21,0,0,0,0,0,0,0,0,0,0,0,0,0,0,21,1,3,1,2,2,20,10,3.95,6,0
44,protect_s,symmetric,21,32,101,3.1562,9,26,2.8889,23,9,9,0,12,0,12,0,0,0,0,0,0,0,0,0,0,21,1,3,1,2,2,20,10,3.95,6,0
45,unified,off,20,140,101,0.7214,36,26,0.7222,0,20,20,0,0,0,0,0,0,0,6,0,0,0,0,0,0,20,2,2,1,2,2,20,12,4.15,13,7
45,protect_l,left,20,116,101,0.8707,30,26,0.8667,45,20,20,0,0,0,0,0,0,0,0,0,0,0,0,0,0,20,2,2,1,2,2,20,12,4.15,6,0
45,protect_s,symmetric,20,56,101,1.8036,15,26,1.7333,51,5,5,0,15,0,15,0,0,0,0,0,0,0,0,0,0,20,2,2,1,2,2,20,12,4.15,6,0
46,unified,off,21,164,153,0.9329,42,39,0.9286,0,21,21,0,0,0,0,0,0,0,20,0,0,0,0,0,0,21,1,2,2,2,2,20,9,3.85,15,6
46,protect_l,left,21,88,153,1.7386,23,39,1.6957,41,20,20,0,1,0,1,0,0,0,0,0,0,0,0,0,0,21,1,2,2,2,2,20,9,3.85,5,0
46,protect_s,symmetric,21,56,153,2.7321,15,39,2.6,50,10,10,0,11,0,11,0,0,0,0,0,0,0,0,0,0,21,1,2,2,2,2,20,9,3.85,5,0
47,unified,off,21,168,133,0.7917,43,34,0.7907,0,21,21,0,0,0,0,0,0,0,0,0,0,0,0,0,0,21,1,2,2,2,2,20,8,3.7,9,4
47,protect_l,left,21,108,133,1.2315,28,34,1.2143,23,21,21,0,0,0,0,0,0,0,0,0,0,0,0,0,0,21,1,2,2,2,2,20,8,3.7,6,0
47,protect_s,symmetric,21,64,133,2.0781,17,34,2.0,31,11,11,0,10,0,10,0,0,0,0,0,0,0,0,0,0,21,1,2,2,2,2,20,8,3.7,6,0
48,unified,off,21,112,101,0.9018,29,26,0.8966,0,21,21,0,0,0,0,0,0,0,6,0,0,0,0,0,0,21,2,2,1,2,2,20,11,4.25,11,6
48,protect_l,left,21,80,101,1.2625,21,26,1.2381,34,21,21,0,0,0,0,0,0,0,0,0,0,0,0,0,0,21,2,2,1,2,2,20,11,4.25,6,0
48,protect_s,symmetric,21,44,101,2.2955,12,26,2.1667,43,10,10,0,11,0,11,0,0,0,0,0,0,0,0,0,0,21,2,2,1,2,2,20,11,4.25,6,0
49,unified,off,21,196,149,0.7602,50,38,0.76,0,18,18,0,1,2,3,0,0,0,0,0,0,0,0,2,0,19,1,3,2,2,2,20,10,4.05,13,7
49,protect_l,left,21,108,149,1.3796,28,38,1.3571,37,17,17,0,2,2,4,0,0,0,0,0,0,0,0,2,0,19,1,3,2,2,2,20,10,4.05,6,0
49,protect_s,symmetric,21,52,149,2.8654,14,38,2.7143,44,7,7,0,12,2,14,0,0,0,0,0,0,0,0,2,0,19,1,3,2,2,2,20,10,4.05,6,0
50,unified,off,21,196,309,1.5765,50,78,1.56,0,20,20,0,0,1,1,0,0,0,1,0,0,0,0,1,0,20,2,1,3,2,2,20,12,3.4,9,4
50,protect_l,left,21,168,309,1.8393,43,78,1.814,27,19,19,0,1,1,2,0,0,0,0,0,0,0,0,1,0,20,2,1,3,2,2,20,12,3.4,5,0
50,protect_s,symmetric,21,44,309,7.0227,12,78,6.5,35,5,5,0,15,1,16,0,0,0,0,0,0,0,0,1,0,20,2,1,3,2,2,20,12,3.4,5,0
51,unified,off,21,56,41,0.7321,15,11,0.7333,0,21,21,0,0,0,0,0,0,0,0,0,0,0,0,0,0,21,1,3,4,2,2,20,5,3.75,7,2
51,protect_l,left,21,48,41,0.8542,13,11,0.8462,9,21,21,0,0,0,0,0,0,0,0,0,0,0,0,0,0,21,1,3,4,2,2,20,5,3.75,5,0
51,protect_s,symmetric,21,36,41,1.1389,10,11,1.1,20,15,15,0,6,0,6,0,0,0,0,0,0,0,0,0,0,21,1,3,4,2,2,20,5,3.75,5,0
52,unified,off,20,112,137,1.2232,29,35,1.2069,0,18,18,0,1,1,2,0,0,0,15,0,0,0,0,1,0,19,1,2,1,2,2,20,6,3.8,10,3
52,protect_l,left,20,132,137,1.0379,34,35,1.0294,33,19,19,0,0,1,1,0,0,0,0,0,0,0,0,1,0,19,1,2,1,2,2,20,6,3.8,10,0
52,protect_s,symmetric,20,96,137,1.4271,25,35,1.4,42,10,10,0,9,1,10,0,0,0,0,0,0,0,0,1,0,19,1,2,1,2,2,20,6,3.8,10,0
53,unified,off,21,92,89,0.9674,24,23,0.9583,0,21,21,0,0,0,0,0,0,0,0,0,0,0,0,0,0,21,1,3,3,2,2,20,7,3.65,12,6
53,protect_l,left,21,80,89,1.1125,21,23,1.0952,23,21,21,0,0,0,0,0,0,0,0,0,0,0,0,0,0,21,1,3,3,2,2,20,7,3.65,8,0
53,protect_s,symmetric,21,68,89,1.3088,18,23,1.2778,40,14,14,0,7,0,7,0,0,0,0,0,0,0,0,0,0,21,1,3,3,2,2,20,7,3.65,8,0
54,unified,off,20,220,169,0.7682,56,43,0.7679,0,20,20,0,0,0,0,0,0,0,2,0,0,0,0,0,0,20,2,1,3,2,2,20,10,3.45,12,4
54,protect_l,left,20,144,169,1.1736,37,43,1.1622,71,20,20,0,0,0,0,0,0,0,0,0,0,0,0,0,0,20,2,1,3,2,2,20,10,3.45,8,0
54,protect_s,symmetric,20,68,169,2.4853,18,43,2.3889,78,4,4,0,16,0,16,0,0,0,0,0,0,0,0,0,0,20,2,1,3,2,2,20,10,3.45,8,0
55,unified,off,21,196,177,0.9031,50,45,0.9,0,6,6,0,14,1,1,0,0,14,29,0,0,0,0,1,0,20,1,2,1,2,2,20,8,3.8,13,6
55,protect_l,left,21,132,177,1.3409,34,45,1.3235,24,19,19,0,1,1,2,0,0,0,0,0,0,0,0,1,0,20,1,2,1,2,2,20,8,3.8,9,0
55,protect_s,symmetric,21,68,177,2.6029,18,45,2.5,29,7,7,0,13,1,14,0,0,0,0,0,0,0,0,1,0,20,1,2,1,2,2,20,8,3.8,9,0
56,unified,off,21,188,141,0.75,48,36,0.75,0,20,20,0,0,1,1,0,0,0,0,0,0,0,0,1,0,20,1,3,4,2,2,20,6,4.15,14,3
56,protect_l,left,21,140,141,1.0071,36,36,1.0,33,19,19,0,1,1,2,0,0,0,0,0,0,0,0,1,0,20,1,3,4,2,2,20,6,4.15,10,0
56,protect_s,symmetric,21,96,141,1.4688,25,36,1.44,41,11,11,0,9,1,10,0,0,0,0,0,0,0,0,1,0,20,1,3,4,2,2,20,6,4.15,10,0
57,unified,off,20,340,225,0.6618,86,57,0.6628,0,18,18,0,0,2,2,0,0,0,0,0,0,0,0,2,0,18,3,2,3,2,2,20,15,3.75,16,12
57,protect_l,left,20,136,225,1.6544,35,57,1.6286,17,16,16,0,2,2,4,0,0,0,0,0,0,0,0,2,0,18,3,2,3,2,2,20,15,3.75,3,0
57,protect_s,symmetric,20,24,225,9.375,7,57,8.1429,21,3,3,0,15,2,17,0,0,0,0,0,0,0,0,2,0,18,3,2,3,2,2,20,15,3.75,3,0
58,unified,off,21,52,61,1.1731,14,16,1.1429,0,3,3,0,18,0,0,0,0,18,35,0,0,0,0,0,0,21,2,1,3,2,2,20,9,3.6,5,2
58,protect_l,left,21,40,61,1.525,11,16,1.4545,7,21,21,0,0,0,0,0,0,0,0,0,0,0,0,0,0,21,2,1,3,2,2,20,9,3.6,2,0
58,protect_s,symmetric,21,20,61,3.05,6,16,2.6667,17,10,10,0,11,0,11,0,0,0,0,0,0,0,0,0,0,21,2,1,3,2,2,20,9,3.6,2,0
59,unified,off,20,160,113,0.7063,41,29,0.7073,0,7,7,0,12,1,1,0,0,12,27,0,0,0,0,1,0,19,4,1,1,2,2,20,16,3.75,14,10
59,protect_l,left,20,80,113,1.4125,21,29,1.381,26,19,19,0,0,1,1,0,0,0,0,0,0,0,0,1,0,19,4,1,1,2,2,20,16,3.75,4,0
59,protect_s,symmetric,20,36,113,3.1389,10,29,2.9,33,7,7,0,12,1,13,0,0,0,0,0,0,0,0,1,0,19,4,1,1,2,2,20,16,3.75,4,0
60,unified,off,21,124,97,0.7823,32,25,0.7812,0,6,6,0,12,3,4,0,0,11,23,0,0,0,0,3,0,18,2,2,3,2,2,20,11,3.95,9,4
60,protect_l,left,21,100,97,0.97,26,25,0.9615,46,17,17,0,1,3,4,0,0,0,0,0,0,0,0,3,0,18,2,2,3,2,2,20,11,3.95,5,0
60,protect_s,symmetric,21,68,97,1.4265,18,25,1.3889,60,10,10,0,8,3,11,0,0,0,0,0,0,0,0,3,0,18,2,2,3,2,2,20,11,3.95,5,0
61,unified,off,21,168,193,1.1488,43,49,1.1395,0,21,21,0,0,0,0,0,0,0,1,0,0,0,0,0,0,21,3,1,1,2,2,20,16,3.9,13,10
61,protect_l,left,21,104,193,1.8558,27,49,1.8148,29,21,21,0,0,0,0,0,0,0,0,0,0,0,0,0,0,21,3,1,1,2,2,20,16,3.9,3,0
61,protect_s,symmetric,21,36,193,5.3611,10,49,4.9,38,9,9,0,12,0,12,0,0,0,0,0,0,0,0,0,0,21,3,1,1,2,2,20,16,3.9,3,0
62,unified,off,20,172,153,0.8895,44,39,0.8864,0,8,8,0,11,1,1,0,0,11,28,0,0,0,0,1,0,19,3,3,2,2,2,20,13,3.45,15,9
62,protect_l,left,20,88,153,1.7386,23,39,1.6957,27,12,12,0,7,1,8,0,0,0,0,0,0,0,0,1,0,19,3,3,2,2,2,20,13,3.45,4,0
62,protect_s,symmetric,20,28,153,5.4643,8,39,4.875,33,6,6,0,13,1,14,0,0,0,0,0,0,0,0,1,0,19,3,3,2,2,2,20,13,3.45,4,0
63,unified,off,21,40,29,0.725,11,8,0.7273,0,21,21,0,0,0,0,0,0,0,0,0,0,0,0,0,0,21,1,4,2,2,2,20,6,3.1,4,0
63,protect_l,left,21,40,29,0.725,11,8,0.7273,5,21,21,0,0,0,0,0,0,0,0,0,0,0,0,0,0,21,1,4,2,2,2,20,6,3.1,4,0
63,protect_s,symmetric,21,32,29,0.9062,9,8,0.8889,13,14,14,0,7,0,7,0,0,0,0,0,0,0,0,0,0,21,1,4,2,2,2,20,6,3.1,4,0
64,unified,off,21,64,97,1.5156,17,25,1.4706,0,21,21,0,0,0,0,0,0,0,3,0,0,0,0,0,0,21,3,1,2,2,2,20,15,3.75,6,3
64,protect_l,left,21,64,97,1.5156,17,25,1.4706,36,21,21,0,0,0,0,0,0,0,0,0,0,0,0,0,0,21,3,1,2,2,2,20,15,3.75,4,0
64,protect_s,symmetric,21,36,97,2.6944,10,25,2.5,45,7,7,0,14,0,14,0,0,0,0,0,0,0,0,0,0,21,3,1,2,2,2,20,15,3.75,4,0
65,unified,off,20,220,165,0.75,56,42,0.75,0,8,8,0,11,1,1,0,0,11,23,0,0,0,0,1,0,19,3,2,2,2,2,20,12,3.6,16,9
65,protect_l,left,20,152,165,1.0855,39,42,1.0769,63,19,19,0,0,1,1,0,0,0,0,0,0,0,0,1,0,19,3,2,2,2,2,20,12,3.6,7,0
65,protect_s,symmetric,20,76,165,2.1711,20,42,2.1,71,4,4,0,15,1,16,0,0,0,0,0,0,0,0,1,0,19,3,2,2,2,2,20,12,3.6,7,0
66,unified,off,21,200,133,0.665,51,34,0.6667,0,21,21,0,0,0,0,0,0,0,0,0,0,0,0,0,0,21,3,3,2,2,2,20,14,3.65,10,6
66,protect_l,left,21,120,133,1.1083,31,34,1.0968,36,20,20,0,1,0,1,0,0,0,0,0,0,0,0,0,0,21,3,3,2,2,2,20,14,3.65,4,0
66,protect_s,symmetric,21,68,133,1.9559,18,34,1.8889,46,7,7,0,14,0,14,0,0,0,0,0,0,0,0,0,0,21,3,3,2,2,2,20,14,3.65,4,0
67,unified,off,21,208,241,1.1587,53,61,1.1509,0,19,19,0,0,2,2,0,0,0,2,0,0,0,0,2,0,19,1,2,3,2,2,20,7,3.55,13,4
67,protect_l,left,21,144,241,1.6736,37,61,1.6486,39,19,19,0,0,2,2,0,0,0,0,0,0,0,0,2,0,19,1,2,3,2,2,20,7,3.55,7,0
67,protect_s,symmetric,21,88,241,2.7386,23,61,2.6522,51,18,18,0,1,2,3,0,0,0,0,0,0,0,0,2,0,19,1,2,3,2,2,20,7,3.55,7,0
68,unified,off,21,136,133,0.9779,35,34,0.9714,0,20,20,0,0,1,1,0,0,0,10,0,0,0,0,1,0,20,1,4,3,2,2,20,5,3.75,10,3
68,protect_l,left,21,104,133,1.2788,27,34,1.2593,20,20,20,0,0,1,1,0,0,0,0,0,0,0,0,1,0,20,1,4,3,2,2,20,5,3.75,6,0
68,protect_s,symmetric,21,92,133,1.4457,24,34,1.4167,30,16,16,0,4,1,5,0,0,0,0,0,0,0,0,1,0,20,1,4,3,2,2,20,5,3.75,6,0
69,unified,off,21,76,57,0.75,20,15,0.75,0,21,21,0,0,0,0,0,0,0,10,0,0,0,0,0,0,21,2,2,3,2,2,20,16,4.1,9,7
69,protect_l,left,21,44,57,1.2955,12,15,1.25,20,12,12,0,9,0,9,0,0,0,0,0,0,0,0,0,0,21,2,2,3,2,2,20,16,4.1,2,0
69,protect_s,symmetric,21,16,57,3.5625,5,15,3.0,24,2,2,0,19,0,19,0,0,0,0,0,0,0,0,0,0,21,2,2,3,2,2,20,16,4.1,2,0
70,unified,off,21,148,101,0.6824,38,26,0.6842,0,19,19,0,0,2,2,0,0,0,0,0,0,0,0,2,0,19,3,4,3,2,2,20,12,3.5,13,6
70,protect_l,left,21,104,101,0.9712,27,26,0.963,13,19,19,0,0,2,2,0,0,0,0,0,0,0,0,2,0,19,3,4,3,2,2,20,12,3.5,7,0
70,protect_s,symmetric,21,60,101,1.6833,16,26,1.625,21,5,5,0,14,2,16,0,0,0,0,0,0,0,0,2,0,19,3,4,3,2,2,20,12,3.5,7,0
71,unified,off,21,108,85,0.787,28,22,0.7857,0,21,21,0,0,0,0,0,0,0,0,0,0,0,0,0,0,21,2,1,2,2,2,20,12,3.85,6,3
71,protect_l,left,21,92,85,0.9239,24,22,0.9167,19,21,21,0,0,0,0,0,0,0,0,0,0,0,0,0,0,21,2,1,2,2,2,20,12,3.85,3,0
71,protect_s,symmetric,21,32,85,2.6562,9,22,2.4444,25,6,6,0,15,0,15,0,0,0,0,0,0,0,0,0,0,21,2,1,2,2,2,20,12,3.85,3,0
72,unified,off,21,128,129,1.0078,33,33,1.0,0,19,19,0,0,2,2,0,0,0,9,0,0,0,0,2,0,19,1,1,1,2,2,20,11,3.75,12,5
72,protect_l,left,21,72,129,1.7917,19,33,1.7368,38,19,19,0,0,2,2,0,0,0,0,0,0,0,0,2,0,19,1,1,1,2,2,20,11,3.75,6,0
72,protect_s,symmetric,21,56,129,2.3036,15,33,2.2,42,9,9,0,10,2,12,0,0,0,0,0,0,0,0,2,0,19,1,1,1,2,2,20,11,3.75,6,0
73,unified,off,21,148,121,0.8176,38,31,0.8158,0,19,19,0,1,1,2,0,0,0,1,0,0,0,0,1,0,20,1,2,4,2,2,20,6,3.85,14,4
73,protect_l,left,21,96,121,1.2604,25,31,1.24,15,20,20,0,0,1,1,0,0,0,0,0,0,0,0,1,0,20,1,2,4,2,2,20,6,3.85,8,0
73,protect_s,symmetric,21,52,121,2.3269,14,31,2.2143,29,15,15,0,5,1,6,0,0,0,0,0,0,0,0,1,0,20,1,2,4,2,2,20,6,3.85,8,0
74,unified,off,21,140,121,0.8643,36,31,0.8611,0,15,15,0,1,5,6,0,0,0,2,0,0,0,0,5,0,16,1,5,3,2,2,20,6,3.6,13,3
74,protect_l,left,21,104,121,1.1635,27,31,1.1481,13,15,15,0,1,5,6,0,0,0,0,0,0,0,0,5,0,16,1,5,3,2,2,20,6,3.6,9,0
74,protect_s,symmetric,21,84,121,1.4405,22,31,1.4091,22,8,8,0,8,5,13,0,0,0,0,0,0,0,0,5,0,16,1,5,3,2,2,20,6,3.6,9,0
75,unified,off,21,56,57,1.0179,15,15,1.0,0,21,21,0,0,0,0,0,0,0,0,0,0,0,0,0,0,21,1,3,2,2,2,20,7,3.75,8,1
75,protect_l,left,21,64,57,0.8906,17,15,0.8824,17,21,21,0,0,0,0,0,0,0,0,0,0,0,0,0,0,21,1,3,2,2,2,20,7,3.75,7,0
75,protect_s,symmetric,21,60,57,0.95,16,15,0.9375,24,13,13,0,8,0,8,0,0,0,0,0,0,0,0,0,0,21,1,3,2,2,2,20,7,3.75,7,0
76,unified,off,21,196,113,0.5765,50,29,0.58,0,2,2,0,19,0,0,0,0,19,38,0,0,0,0,0,0,21,4,1,2,2,2,20,17,4.05,13,11
76,protect_l,left,21,76,113,1.4868,20,29,1.45,20,21,21,0,0,0,0,0,0,0,0,0,0,0,0,0,0,21,4,1,2,2,2,20,17,4.05,2,0
76,protect_s,symmetric,21,20,113,5.65,6,29,4.8333,26,6,6,0,15,0,15,0,0,0,0,0,0,0,0,0,0,21,4,1,2,2,2,20,17,4.05,2,0
77,unified,off,21,124,73,0.5887,32,19,0.5938,0,21,21,0,0,0,0,0,0,0,0,0,0,0,0,0,0,21,1,2,4,2,2,20,6,3.9,11,2
77,protect_l,left,21,104,73,0.7019,27,19,0.7037,16,21,21,0,0,0,0,0,0,0,0,0,0,0,0,0,0,21,1,2,4,2,2,20,6,3.9,10,0
77,protect_s,symmetric,21,80,73,0.9125,21,19,0.9048,27,13,13,0,8,0,8,0,0,0,0,0,0,0,0,0,0,21,1,2,4,2,2,20,6,3.9,10,0
78,unified,off,20,52,89,1.7115,14,23,1.6429,0,20,20,0,0,0,0,0,0,0,4,0,0,0,0,0,0,20,1,1,2,2,2,20,7,3.5,5,1
78,protect_l,left,20,88,89,1.0114,23,23,1.0,37,20,20,0,0,0,0,0,0,0,0,0,0,0,0,0,0,20,1,1,2,2,2,20,7,3.5,9,0
78,protect_s,symmetric,20,76,89,1.1711,20,23,1.15,54,18,18,0,2,0,2,0,0,0,0,0,0,0,0,0,0,20,1,1,2,2,2,20,7,3.5,9,0
79,unified,off,21,160,113,0.7063,41,29,0.7073,0,12,12,0,9,0,0,0,0,9,20,0,0,0,0,0,0,21,1,2,3,2,2,20,7,4.2,14,3
79,protect_l,left,21,160,113,0.7063,41,29,0.7073,35,21,21,0,0,0,0,0,0,0,0,0,0,0,0,0,0,21,1,2,3,2,2,20,7,4.2,11,0
79,protect_s,symmetric,21,116,113,0.9741,30,29,0.9667,40,9,9,0,12,0,12,0,0,0,0,0,0,0,0,0,0,21,1,2,3,2,2,20,7,4.2,11,0
80,unified,off,21,104,65,0.625,27,17,0.6296,0,21,21,0,0,0,0,0,0,0,2,0,0,0,0,0,0,21,3,4,1,2,2,20,14,3.7,11,8
80,protect_l,left,21,56,65,1.1607,15,17,1.1333,18,21,21,0,0,0,0,0,0,0,0,0,0,0,0,0,0,21,3,4,1,2,2,20,14,3.7,3,0
80,protect_s,symmetric,21,28,65,2.3214,8,17,2.125,28,12,12,0,9,0,9,0,0,0,0,0,0,0,0,0,0,21,3,4,1,2,2,20,14,3.7,3,0
81,unified,off,21,204,121,0.5931,52,31,0.5962,0,8,8,0,12,1,13,0,0,0,17,0,0,0,0,1,0,20,1,2,2,2,2,20,11,4.4,16,10
81,protect_l,left,21,108,121,1.1204,28,31,1.1071,34,19,19,0,1,1,2,0,0,0,0,0,0,0,0,1,0,20,1,2,2,2,2,20,11,4.4,6,0
81,protect_s,symmetric,21,72,121,1.6806,19,31,1.6316,37,9,9,0,11,1,12,0,0,0,0,0,0,0,0,1,0,20,1,2,2,2,2,20,11,4.4,6,0
82,unified,off,21,144,81,0.5625,37,21,0.5676,0,21,21,0,0,0,0,0,0,0,0,0,0,0,0,0,0,21,3,4,2,2,2,20,15,3.8,15,12
82,protect_l,left,21,44,81,1.8409,12,21,1.75,27,18,18,0,3,0,3,0,0,0,0,0,0,0,0,0,0,21,3,4,2,2,2,20,15,3.8,4,0
82,protect_s,symmetric,21,24,81,3.375,7,21,3.0,31,2,2,0,19,0,19,0,0,0,0,0,0,0,0,0,0,21,3,4,2,2,2,20,15,3.8,4,0
83,unified,off,21,200,141,0.705,51,36,0.7059,0,21,21,0,0,0,0,0,0,0,4,0,0,0,0,0,0,21,2,2,3,2,2,20,14,3.7,12,9
83,protect_l,left,21,88,141,1.6023,23,36,1.5652,15,20,20,0,1,0,1,0,0,0,0,0,0,0,0,0,0,21,2,2,3,2,2,20,14,3.7,2,0
83,protect_s,symmetric,21,16,141,8.8125,5,36,7.2,19,4,4,0,17,0,17,0,0,0,0,0,0,0,0,0,0,21,2,2,3,2,2,20,14,3.7,2,0
84,unified,off,21,112,69,0.6161,29,18,0.6207,0,2,2,0,19,0,0,0,0,19,37,0,0,0,0,0,0,21,1,4,4,2,2,20,9,4.2,10,5
84,protect_l,left,21,80,69,0.8625,21,18,0.8571,13,19,19,0,2,0,2,0,0,0,0,0,0,0,0,0,0,21,1,4,4,2,2,20,9,4.2,7,0
84,protect_s,symmetric,21,48,69,1.4375,13,18,1.3846,22,9,9,0,12,0,12,0,0,0,0,0,0,0,0,0,0,21,1,4,4,2,2,20,9,4.2,7,0
85,unified,off,21,60,117,1.95,16,30,1.875,0,11,11,0,10,0,0,0,0,10,24,0,0,0,0,0,0,21,1,1,2,2,2,20,10,3.7,7,4
85,protect_l,left,21,72,117,1.625,19,30,1.5789,22,21,21,0,0,0,0,0,0,0,0,0,0,0,0,0,0,21,1,1,2,2,2,20,10,3.7,6,0
85,protect_s,symmetric,21,96,117,1.2188,25,30,1.2,52,18,18,0,3,0,3,0,0,0,0,0,0,0,0,0,0,21,1,1,2,2,2,20,10,3.7,6,0
86,unified,off,21,196,165,0.8418,50,42,0.84,0,21,21,0,0,0,0,0,0,0,0,0,0,0,0,0,0,21,1,4,2,2,2,20,4,3.35,15,2
86,protect_l,left,21,176,165,0.9375,45,42,0.9333,48,21,21,0,0,0,0,0,0,0,0,0,0,0,0,0,0,21,1,4,2,2,2,20,4,3.35,13,0
86,protect_s,symmetric,21,140,165,1.1786,36,42,1.1667,59,15,15,0,6,0,6,0,0,0,0,0,0,0,0,0,0,21,1,4,2,2,2,20,4,3.35,13,0
87,unified,off,20,268,217,0.8097,68,55,0.8088,0,20,20,0,0,0,0,0,0,0,4,0,0,0,0,0,0,20,3,2,3,2,2,20,13,3.35,16,9
87,protect_l,left,20,136,217,1.5956,35,55,1.5714,36,16,16,0,4,0,4,0,0,0,0,0,0,0,0,0,0,20,3,2,3,2,2,20,13,3.35,7,0
87,protect_s,symmetric,20,60,217,3.6167,16,55,3.4375,43,6,6,0,14,0,14,0,0,0,0,0,0,0,0,0,0,20,3,2,3,2,2,20,13,3.35,7,0
88,unified,off,21,144,193,1.3403,37,49,1.3243,0,21,21,0,0,0,0,0,0,0,0,0,0,0,0,0,0,21,2,1,3,2,2,20,13,3.85,16,10
88,protect_l,left,21,48,193,4.0208,13,49,3.7692,31,10,10,0,11,0,11,0,0,0,0,0,0,0,0,0,0,21,2,1,3,2,2,20,13,3.85,5,0
88,protect_s,symmetric,21,40,193,4.825,11,49,4.4545,37,5,5,0,16,0,16,0,0,0,0,0,0,0,0,0,0,21,2,1,3,2,2,20,13,3.85,5,0
89,unified,off,21,112,201,1.7946,29,51,1.7586,0,2,2,0,19,0,0,0,0,19,48,0,0,0,0,0,0,21,2,2,2,2,2,20,12,3.15,12,8
89,protect_l,left,21,80,201,2.5125,21,51,2.4286,65,12,12,0,9,0,9,0,0,0,0,0,0,0,0,0,0,21,2,2,2,2,2,20,12,3.15,6,0
89,protect_s,symmetric,21,56,201,3.5893,15,51,3.4,70,4,4,0,17,0,17,0,0,0,0,0,0,0,0,0,0,21,2,2,2,2,2,20,12,3.15,6,0
90,unified,off,20,176,149,0.8466,45,38,0.8444,0,16,16,0,0,4,4,0,0,0,0,0,0,0,0,4,0,16,3,1,3,2,2,20,12,3.35,12,5
90,protect_l,left,20,164,149,0.9085,42,38,0.9048,24,16,16,0,0,4,4,0,0,0,0,0,0,0,0,4,0,16,3,1,3,2,2,20,12,3.35,7,0
90,protect_s,symmetric,20,92,149,1.6196,24,38,1.5833,39,11,11,0,5,4,9,0,0,0,0,0,0,0,0,4,0,16,3,1,3,2,2,20,12,3.35,7,0
91,unified,off,21,100,73,0.73,26,19,0.7308,0,19,19,0,0,2,2,0,0,0,0,0,0,0,0,2,0,19,1,2,4,2,2,20,10,3.8,11,5
91,protect_l,left,21,96,73,0.7604,25,19,0.76,47,19,19,0,0,2,2,0,0,0,0,0,0,0,0,2,0,19,1,2,4,2,2,20,10,3.8,7,0
91,protect_s,symmetric,21,72,73,1.0139,19,19,1.0,55,10,10,0,9,2,11,0,0,0,0,0,0,0,0,2,0,19,1,2,4,2,2,20,10,3.8,7,0
92,unified,off,21,112,61,0.5446,29,16,0.5517,0,4,4,0,15,2,3,0,0,14,28,0,0,0,0,2,0,19,3,3,2,2,2,20,12,3.1,11,6
92,protect_l,left,21,52,61,1.1731,14,16,1.1429,17,4,4,0,15,2,17,0,0,0,0,0,0,0,0,2,0,19,3,3,2,2,2,20,12,3.1,4,0
92,protect_s,symmetric,21,36,61,1.6944,10,16,1.6,26,6,6,0,13,2,15,0,0,0,0,0,0,0,0,2,0,19,3,3,2,2,2,20,12,3.1,4,0
93,unified,off,21,132,157,1.1894,34,40,1.1765,0,2,2,0,19,0,0,0,0,19,48,0,0,0,0,0,0,21,2,3,1,2,2,20,14,3.85,13,9
93,protect_l,left,21,32,157,4.9062,9,40,4.4444,20,5,5,0,16,0,16,0,0,0,0,0,0,0,0,0,0,21,2,3,1,2,2,20,14,3.85,3,0
93,protect_s,symmetric,21,28,157,5.6071,8,40,5.0,28,4,4,0,17,0,17,0,0,0,0,0,0,0,0,0,0,21,2,3,1,2,2,20,14,3.85,3,0
94,unified,off,21,68,81,1.1912,18,21,1.1667,0,21,21,0,0,0,0,0,0,0,0,0,0,0,0,0,0,21,1,2,1,2,2,20,6,3.95,9,2
94,protect_l,left,21,64,81,1.2656,17,21,1.2353,11,21,21,0,0,0,0,0,0,0,0,0,0,0,0,0,0,21,1,2,1,2,2,20,6,3.95,8,0
94,protect_s,symmetric,21,40,81,2.025,11,21,1.9091,17,14,14,0,7,0,7,0,0,0,0,0,0,0,0,0,0,21,1,2,1,2,2,20,6,3.95,8,0
95,unified,off,21,152,133,0.875,39,34,0.8718,0,20,20,0,0,1,1,0,0,0,1,0,0,0,0,1,0,20,2,4,1,2,2,20,10,3.3,12,5
95,protect_l,left,21,88,133,1.5114,23,34,1.4783,22,19,19,0,1,1,2,0,0,0,0,0,0,0,0,1,0,20,2,4,1,2,2,20,10,3.3,6,0
95,protect_s,symmetric,21,36,133,3.6944,10,34,3.4,30,6,6,0,14,1,15,0,0,0,0,0,0,0,0,1,0,20,2,4,1,2,2,20,10,3.3,6,0
96,unified,off,21,144,125,0.8681,37,32,0.8649,0,21,21,0,0,0,0,0,0,0,6,0,0,0,0,0,0,21,1,5,1,2,2,20,7,3.75,11,3
96,protect_l,left,21,96,125,1.3021,25,32,1.28,24,19,19,0,2,0,2,0,0,0,0,0,0,0,0,0,0,21,1,5,1,2,2,20,7,3.75,9,0
96,protect_s,symmetric,21,56,125,2.2321,15,32,2.1333,33,11,11,0,10,0,10,0,0,0,0,0,0,0,0,0,0,21,1,5,1,2,2,20,7,3.75,9,0
97,unified,off,20,328,333,1.0152,83,84,1.012,0,6,6,0,13,1,1,0,0,13,25,0,0,0,0,1,0,19,1,3,2,2,2,20,5,3.05,18,4
97,protect_l,left,20,300,333,1.11,76,84,1.1053,55,19,19,0,0,1,1,0,0,0,0,0,0,0,0,1,0,19,1,3,2,2,2,20,5,3.05,14,0
97,protect_s,symmetric,20,228,333,1.4605,58,84,1.4483,63,15,15,0,4,1,5,0,0,0,0,0,0,0,0,1,0,19,1,3,2,2,2,20,5,3.05,14,0
98,unified,off,21,84,97,1.1548,22,25,1.1364,0,21,21,0,0,0,0,0,0,0,2,0,0,0,0,0,0,21,1,2,2,2,2,20,3,3.45,10,1
98,protect_l,left,21,84,97,1.1548,22,25,1.1364,13,21,21,0,0,0,0,0,0,0,0,0,0,0,0,0,0,21,1,2,2,2,2,20,3,3.45,10,0
98,protect_s,symmetric,21,60,97,1.6167,16,25,1.5625,21,10,10,0,11,0,11,0,0,0,0,0,0,0,0,0,0,21,1,2,2,2,2,20,3,3.45,10,0
99,unified,off,20,88,89,1.0114,23,23,1.0,0,20,20,0,0,0,0,0,0,0,0,0,0,0,0,0,0,20,3,1,3,2,2,20,13,3.8,8,6
99,protect_l,left,20,56,89,1.5893,15,23,1.5333,31,20,20,0,0,0,0,0,0,0,0,0,0,0,0,0,0,20,3,1,3,2,2,20,13,3.8,3,0
99,protect_s,symmetric,20,36,89,2.4722,10,23,2.3,46,14,14,0,6,0,6,0,0,0,0,0,0,0,0,0,0,20,3,1,3,2,2,20,13,3.8,3,0
100,unified,off,21,132,69,0.5227,34,18,0.5294,0,5,5,0,16,0,0,0,0,16,38,0,0,0,0,0,0,21,1,2,2,2,2,20,8,4.1,13,4
100,protect_l,left,21,80,69,0.8625,21,18,0.8571,15,21,21,0,0,0,0,0,0,0,0,0,0,0,0,0,0,21,1,2,2,2,2,20,8,4.1,6,0
100,protect_s,symmetric,21,40,69,1.725,11,18,1.6364,21,10,10,0,11,0,11,0,0,0,0,0,0,0,0,0,0,21,1,2,2,2,2,20,8,4.1,6,0
101,unified,off,21,92,121,1.3152,24,31,1.2917,0,21,21,0,0,0,0,0,0,0,7,0,0,0,0,0,0,21,1,2,3,2,2,20,7,3.7,12,4
101,protect_l,left,21,160,121,0.7562,41,31,0.7561,47,21,21,0,0,0,0,0,0,0,0,0,0,0,0,0,0,21,1,2,3,2,2,20,7,3.7,12,0
101,protect_s,symmetric,21,144,121,0.8403,37,31,0.8378,61,17,17,0,4,0,4,0,0,0,0,0,0,0,0,0,0,21,1,2,3,2,2,20,7,3.7,12,0
102,unified,off,21,244,197,0.8074,62,50,0.8065,0,20,20,0,0,1,1,0,0,0,0,0,0,0,0,1,0,20,1,3,3,2,2,20,7,3.6,17,5
102,protect_l,left,21,184,197,1.0707,47,50,1.0638,72,20,20,0,0,1,1,0,0,0,0,0,0,0,0,1,0,20,1,3,3,2,2,20,7,3.6,12,0
102,protect_s,symmetric,21,140,197,1.4071,36,50,1.3889,86,12,12,0,8,1,9,0,0,0,0,0,0,0,0,1,0,20,1,3,3,2,2,20,7,3.6,12,0
103,unified,off,20,128,153,1.1953,33,39,1.1818,0,20,20,0,0,0,0,0,0,0,2,0,0,0,0,0,0,20,3,1,1,2,2,20,15,3.8,10,6
103,protect_l,left,20,100,153,1.53,26,39,1.5,43,20,20,0,0,0,0,0,0,0,0,0,0,0,0,0,0,20,3,1,1,2,2,20,15,3.8,5,0
103,protect_s,symmetric,20,44,153,3.4773,12,39,3.25,51,15,15,0,5,0,5,0,0,0,0,0,0,0,0,0,0,20,3,1,1,2,2,20,15,3.8,5,0
104,unified,off,21,44,41,0.9318,12,11,0.9167,0,21,21,0,0,0,0,0,0,0,0,0,0,0,0,0,0,21,1,3,1,2,2,20,6,3.6,5,1
104,protect_l,left,21,40,41,1.025,11,11,1.0,14,21,21,0,0,0,0,0,0,0,0,0,0,0,0,0,0,21,1,3,1,2,2,20,6,3.6,4,0
104,protect_s,symmetric,21,40,41,1.025,11,11,1.0,20,21,21,0,0,0,0,0,0,0,0,0,0,0,0,0,0,21,1,3,1,2,2,20,6,3.6,4,0
105,unified,off,21,164,121,0.7378,42,31,0.7381,0,21,21,0,0,0,0,0,0,0,0,0,0,0,0,0,0,21,3,3,2,2,2,20,10,3.3,15,7
105,protect_l,left,21,180,121,0.6722,46,31,0.6739,80,21,21,0,0,0,0,0,0,0,0,0,0,0,0,0,0,21,3,3,2,2,2,20,10,3.3,9,0
105,protect_s,symmetric,21,156,121,0.7756,40,31,0.775,99,17,17,0,4,0,4,0,0,0,0,0,0,0,0,0,0,21,3,3,2,2,2,20,10,3.3,9,0
106,unified,off,21,180,133,0.7389,46,34,0.7391,0,21,21,0,0,0,0,0,0,0,15,0,0,0,0,0,0,21,2,2,2,2,2,20,12,3.55,16,10
106,protect_l,left,21,72,133,1.8472,19,34,1.7895,33,14,14,0,7,0,7,0,0,0,0,0,0,0,0,0,0,21,2,2,2,2,2,20,12,3.55,6,0
106,protect_s,symmetric,21,36,133,3.6944,10,34,3.4,39,5,5,0,16,0,16,0,0,0,0,0,0,0,0,0,0,21,2,2,2,2,2,20,12,3.55,6,0
107,unified,off,21,48,53,1.1042,13,14,1.0769,0,2,2,0,19,0,0,0,0,19,48,0,0,0,0,0,0,21,1,2,2,2,2,20,7,4.0,7,2
107,protect_l,left,21,60,53,0.8833,16,14,0.875,15,21,21,0,0,0,0,0,0,0,0,0,0,0,0,0,0,21,1,2,2,2,2,20,7,4.0,7,0
107,protect_s,symmetric,21,48,53,1.1042,13,14,1.0769,23,9,9,0,12,0,12,0,0,0,0,0,0,0,0,0,0,21,1,2,2,2,2,20,7,4.0,7,0
108,unified,off,21,156,133,0.8526,40,34,0.85,0,10,10,0,11,0,0,0,0,11,22,0,0,0,0,0,0,21,2,2,2,2,2,20,13,4.1,16,11
108,protect_l,left,21,84,133,1.5833,22,34,1.5455,32,20,20,0,1,0,1,0,0,0,0,0,0,0,0,0,0,21,2,2,2,2,2,20,13,4.1,4,0
108,protect_s,symmetric,21,48,133,2.7708,13,34,2.6154,43,8,8,0,13,0,13,0,0,0,0,0,0,0,0,0,0,21,2,2,2,2,2,20,13,4.1,4,0
109,unified,off,20,88,97,1.1023,23,25,1.087,0,11,11,0,9,0,0,0,0,9,19,0,0,0,0,0,0,20,1,4,2,2,2,20,9,4.3,10,4
109,protect_l,left,20,68,97,1.4265,18,25,1.3889,30,20,20,0,0,0,0,0,0,0,0,0,0,0,0,0,0,20,1,4,2,2,2,20,9,4.3,6,0
109,protect_s,symmetric,20,64,97,1.5156,17,25,1.4706,37,9,9,0,11,0,11,0,0,0,0,0,0,0,0,0,0,20,1,4,2,2,2,20,9,4.3,6,0
110,unified,off,21,148,113,0.7635,38,29,0.7632,0,21,21,0,0,0,0,0,0,0,6,0,0,0,0,0,0,21,1,4,1,2,2,20,8,3.8,13,4
110,protect_l,left,21,128,113,0.8828,33,29,0.8788,28,21,21,0,0,0,0,0,0,0,0,0,0,0,0,0,0,21,1,4,1,2,2,20,8,3.8,10,0
110,protect_s,symmetric,21,80,113,1.4125,21,29,1.381,36,8,8,0,13,0,13,0,0,0,0,0,0,0,0,0,0,21,1,4,1,2,2,20,8,3.8,10,0
111,unified,off,21,200,149,0.745,51,38,0.7451,0,19,19,0,0,2,2,0,0,0,2,0,0,0,0,2,0,19,3,1,3,2,2,20,13,3.3,15,10
111,protect_l,left,21,96,149,1.5521,25,38,1.52,27,19,19,0,0,2,2,0,0,0,0,0,0,0,0,2,0,19,3,1,3,2,2,20,13,3.3,5,0
111,protect_s,symmetric,21,28,149,5.3214,8,38,4.75,33,5,5,0,14,2,16,0,0,0,0,0,0,0,0,2,0,19,3,1,3,2,2,20,13,3.3,5,0
112,unified,off,21,188,145,0.7713,48,37,0.7708,0,19,19,0,0,2,2,0,0,0,1,0,0,0,0,2,0,19,1,3,1,2,2,20,6,3.8,18,6
112,protect_l,left,21,76,145,1.9079,20,37,1.85,9,19,19,0,0,2,2,0,0,0,0,0,0,0,0,2,0,19,1,3,1,2,2,20,6,3.8,6,0
112,protect_s,symmetric,21,44,145,3.2955,12,37,3.0833,22,12,12,0,7,2,9,0,0,0,0,0,0,0,0,2,0,19,1,3,1,2,2,20,6,3.8,6,0
113,unified,off,21,124,129,1.0403,32,33,1.0312,0,21,21,0,0,0,0,0,0,0,0,0,0,0,0,0,0,21,1,3,1,2,2,20,5,3.85,15,3
113,protect_l,left,21,68,129,1.8971,18,33,1.8333,18,21,21,0,0,0,0,0,0,0,0,0,0,0,0,0,0,21,1,3,1,2,2,20,5,3.85,10,0
113,protect_s,symmetric,21,48,129,2.6875,13,33,2.5385,29,15,15,0,6,0,6,0,0,0,0,0,0,0,0,0,0,21,1,3,1,2,2,20,5,3.85,10,0
114,unified,off,20,96,69,0.7188,25,18,0.72,0,19,19,0,0,1,1,0,0,0,2,0,0,0,0,1,0,19,1,4,1,2,2,20,7,3.85,13,6
114,protect_l,left,20,72,69,0.9583,19,18,0.9474,28,18,18,0,1,1,2,0,0,0,0,0,0,0,0,1,0,19,1,4,1,2,2,20,7,3.85,8,0
114,protect_s,symmetric,20,64,69,1.0781,17,18,1.0588,47,17,17,0,2,1,3,0,0,0,0,0,0,0,0,1,0,19,1,4,1,2,2,20,7,3.85,8,0
115,unified,off,20,128,49,0.3828,33,13,0.3939,0,1,1,0,19,0,0,0,0,19,44,0,0,0,0,0,0,20,1,3,3,2,2,20,8,3.7,12,5
115,protect_l,left,20,48,49,1.0208,13,13,1.0,23,14,14,0,6,0,6,0,0,0,0,0,0,0,0,0,0,20,1,3,3,2,2,20,8,3.7,5,0
115,protect_s,symmetric,20,28,49,1.75,8,13,1.625,27,8,8,0,12,0,12,0,0,0,0,0,0,0,0,0,0,20,1,3,3,2,2,20,8,3.7,5,0
116,unified,off,21,120,125,1.0417,31,32,1.0323,0,21,21,0,0,0,0,0,0,0,2,0,0,0,0,0,0,21,2,3,2,2,2,20,13,3.7,9,5
116,protect_l,left,21,84,125,1.4881,22,32,1.4545,39,20,20,0,1,0,1,0,0,0,0,0,0,0,0,0,0,21,2,3,2,2,2,20,13,3.7,4,0
116,protect_s,symmetric,21,44,125,2.8409,12,32,2.6667,49,8,8,0,13,0,13,0,0,0,0,0,0,0,0,0,0,21,2,3,2,2,2,20,13,3.7,4,0
117,unified,off,21,388,357,0.9201,98,90,0.9184,0,21,21,0,0,0,0,0,0,0,0,0,0,0,0,0,0,21,1,3,3,2,2,20,5,3.35,19,5
117,protect_l,left,21,380,357,0.9395,96,90,0.9375,34,21,21,0,0,0,0,0,0,0,0,0,0,0,0,0,0,21,1,3,3,2,2,20,5,3.35,15,0
117,protect_s,symmetric,21,280,357,1.275,71,90,1.2676,42,15,15,0,6,0,6,0,0,0,0,0,0,0,0,0,0,21,1,3,3,2,2,20,5,3.35,15,0
118,unified,off,21,160,189,1.1812,41,48,1.1707,0,21,21,0,0,0,0,0,0,0,0,0,0,0,0,0,0,21,1,3,4,2,2,20,5,3.3,18,4
118,protect_l,left,21,132,189,1.4318,34,48,1.4118,25,21,21,0,0,0,0,0,0,0,0,0,0,0,0,0,0,21,1,3,4,2,2,20,5,3.3,13,0
118,protect_s,symmetric,21,104,189,1.8173,27,48,1.7778,33,11,11,0,10,0,10,0,0,0,0,0,0,0,0,0,0,21,1,3,4,2,2,20,5,3.3,13,0
119,unified,off,21,84,69,0.8214,22,18,0.8182,0,21,21,0,0,0,0,0,0,0,0,0,0,0,0,0,0,21,1,4,2,2,2,20,8,3.9,9,2
119,protect_l,left,21,44,69,1.5682,12,18,1.5,21,17,17,0,4,0,4,0,0,0,0,0,0,0,0,0,0,21,1,4,2,2,2,20,8,3.9,5,0
119,protect_s,symmetric,21,40,69,1.725,11,18,1.6364,28,9,9,0,12,0,12,0,0,0,0,0,0,0,0,0,0,21,1,4,2,2,2,20,8,3.9,5,0
120,unified,off,21,172,197,1.1453,44,50,1.1364,0,8,8,0,13,0,0,0,0,13,26,0,0,0,0,0,0,21,1,2,2,2,2,20,7,3.6,16,6
120,protect_l,left,21,168,197,1.1726,43,50,1.1628,67,17,17,0,4,0,4,0,0,0,0,0,0,0,0,0,0,21,1,2,2,2,2,20,7,3.6,12,0
120,protect_s,symmetric,21,156,197,1.2628,40,50,1.25,74,9,9,0,12,0,12,0,0,0,0,0,0,0,0,0,0,21,1,2,2,2,2,20,7,3.6,12,0
121,unified,off,20,60,37,0.6167,16,10,0.625,0,20,20,0,0,0,0,0,0,0,1,0,0,0,0,0,0,20,1,3,1,2,2,20,7,3.65,7,3
121,protect_l,left,20,48,37,0.7708,13,10,0.7692,18,20,20,0,0,0,0,0,0,0,0,0,0,0,0,0,0,20,1,3,1,2,2,20,7,3.65,4,0
121,protect_s,symmetric,20,32,37,1.1562,9,10,1.1111,26,10,10,0,10,0,10,0,0,0,0,0,0,0,0,0,0,20,1,3,1,2,2,20,7,3.65,4,0
122,unified,off,21,256,277,1.082,65,70,1.0769,0,1,1,0,18,2,2,0,0,18,36,0,0,0,0,2,0,19,1,2,3,2,2,20,9,3.95,16,7
122,protect_l,left,21,80,277,3.4625,21,70,3.3333,21,8,8,0,11,2,13,0,0,0,0,0,0,0,0,2,0,19,1,2,3,2,2,20,9,3.95,6,0
122,protect_s,symmetric,21,44,277,6.2955,12,70,5.8333,30,5,5,0,14,2,16,0,0,0,0,0,0,0,0,2,0,19,1,2,3,2,2,20,9,3.95,6,0
123,unified,off,21,88,113,1.2841,23,29,1.2609,0,21,21,0,0,0,0,0,0,0,2,0,0,0,0,0,0,21,1,1,4,2,2,20,6,3.75,10,3
123,protect_l,left,21,48,113,2.3542,13,29,2.2308,17,21,21,0,0,0,0,0,0,0,0,0,0,0,0,0,0,21,1,1,4,2,2,20,6,3.75,6,0
123,protect_s,symmetric,21,48,113,2.3542,13,29,2.2308,23,21,21,0,0,0,0,0,0,0,0,0,0,0,0,0,0,21,1,1,4,2,2,20,6,3.75,6,0
124,unified,off,21,200,217,1.085,51,55,1.0784,0,21,21,0,0,0,0,0,0,0,0,0,0,0,0,0,0,21,1,1,3,2,2,20,8,3.7,17,5
124,protect_l,left,21,172,217,1.2616,44,55,1.25,72,21,21,0,0,0,0,0,0,0,0,0,0,0,0,0,0,21,1,1,3,2,2,20,8,3.7,12,0
124,protect_s,symmetric,21,136,217,1.5956,35,55,1.5714,80,13,13,0,8,0,8,0,0,0,0,0,0,0,0,0,0,21,1,1,3,2,2,20,8,3.7,12,0
125,unified,off,21,188,141,0.75,48,36,0.75,0,21,21,0,0,0,0,0,0,0,0,0,0,0,0,0,0,21,2,4,2,2,2,20,9,3.45,13,3
125,protect_l,left,21,164,141,0.8598,42,36,0.8571,48,21,21,0,0,0,0,0,0,0,0,0,0,0,0,0,0,21,2,4,2,2,2,20,9,3.45,10,0
125,protect_s,symmetric,21,120,141,1.175,31,36,1.1613,57,10,10,0,11,0,11,0,0,0,0,0,0,0,0,0,0,21,2,4,2,2,2,20,9,3.45,10,0
126,unified,off,21,148,145,0.9797,38,37,0.9737,0,19,19,0,0,2,2,0,0,0,10,0,0,0,0,2,0,19,1,2,2,2,2,20,11,3.95,12,8
126,protect_l,left,21,56,145,2.5893,15,37,2.4667,16,11,11,0,8,2,10,0,0,0,0,0,0,0,0,2,0,19,1,2,2,2,2,20,11,3.95,2,0
126,protect_s,symmetric,21,32,145,4.5312,9,37,4.1111,34,13,13,0,6,2,8,0,0,0,0,0,0,0,0,2,0,19,1,2,2,2,2,20,11,3.95,2,0
127,unified,off,21,140,57,0.4071,36,15,0.4167,0,1,1,0,19,1,1,0,0,19,39,0,0,0,0,1,0,20,3,2,1,2,2,20,16,3.6,11,10
127,protect_l,left,21,96,57,0.5938,25,15,0.6,27,2,2,0,18,1,19,0,0,0,0,0,0,0,0,1,0,20,3,2,1,2,2,20,16,3.6,3,0
127,protect_s,symmetric,21,20,57,2.85,6,15,2.5,31,2,2,0,18,1,19,0,0,0,0,0,0,0,0,1,0,20,3,2,1,2,2,20,16,3.6,3,0
128,unified,off,20,112,121,1.0804,29,31,1.069,0,20,20,0,0,0,0,0,0,0,0,0,0,0,0,0,0,20,1,2,4,2,2,20,10,3.9,10,3
128,protect_l,left,20,64,121,1.8906,17,31,1.8235,8,20,20,0,0,0,0,0,0,0,0,0,0,0,0,0,0,20,1,2,4,2,2,20,10,3.9,6,0
128,protect_s,symmetric,20,36,121,3.3611,10,31,3.1,15,9,9,0,11,0,11,0,0,0,0,0,0,0,0,0,0,20,1,2,4,2,2,20,10,3.9,6,0
129,unified,off,21,92,125,1.3587,24,32,1.3333,0,21,21,0,0,0,0,0,0,0,0,0,0,0,0,0,0,21,2,1,2,2,2,20,13,4.0,9,5
129,protect_l,left,21,72,125,1.7361,19,32,1.6842,15,21,21,0,0,0,0,0,0,0,0,0,0,0,0,0,0,21,2,1,2,2,2,20,13,4.0,4,0
129,protect_s,symmetric,21,32,125,3.9062,9,32,3.5556,25,7,7,0,14,0,14,0,0,0,0,0,0,0,0,0,0,21,2,1,2,2,2,20,13,4.0,4,0
130,unified,off,21,188,201,1.0691,48,51,1.0625,0,2,2,0,17,2,2,0,0,17,38,0,0,0,0,2,0,19,2,3,1,2,2,20,13,3.85,13,8
130,protect_l,left,21,128,201,1.5703,33,51,1.5455,26,16,16,0,3,2,5,0,0,0,0,0,0,0,0,2,0,19,2,3,1,2,2,20,13,3.85,4,0
130,protect_s,symmetric,21,36,201,5.5833,10,51,5.1,31,4,4,0,15,2,17,0,0,0,0,0,0,0,0,2,0,19,2,3,1,2,2,20,13,3.85,4,0
131,unified,off,21,248,209,0.8427,63,53,0.8413,0,3,3,0,18,0,0,0,0,18,37,0,0,0,0,0,0,21,2,2,2,2,2,20,8,3.3,12,7
131,protect_l,left,21,108,209,1.9352,28,53,1.8929,19,21,21,0,0,0,0,0,0,0,0,0,0,0,0,0,0,21,2,2,2,2,2,20,8,3.3,5,0
131,protect_s,symmetric,21,44,209,4.75,12,53,4.4167,42,13,13,0,8,0,8,0,0,0,0,0,0,0,0,0,0,21,2,2,2,2,2,20,8,3.3,5,0
132,unified,off,21,84,93,1.1071,22,24,1.0909,0,21,21,0,0,0,0,0,0,0,4,0,0,0,0,0,0,21,3,1,2,2,2,20,12,3.9,9,4
132,protect_l,left,21,72,93,1.2917,19,24,1.2632,18,21,21,0,0,0,0,0,0,0,0,0,0,0,0,0,0,21,3,1,2,2,2,20,12,3.9,5,0
132,protect_s,symmetric,21,48,93,1.9375,13,24,1.8462,27,9,9,0,12,0,12,0,0,0,0,0,0,0,0,0,0,21,3,1,2,2,2,20,12,3.9,5,0
133,unified,off,21,88,81,0.9205,23,21,0.913,0,21,21,0,0,0,0,0,0,0,0,0,0,0,0,0,0,21,1,3,3,2,2,20,6,3.5,11,1
133,protect_l,left,21,84,81,0.9643,22,21,0.9545,24,21,21,0,0,0,0,0,0,0,0,0,0,0,0,0,0,21,1,3,3,2,2,20,6,3.5,10,0
133,protect_s,symmetric,21,72,81,1.125,19,21,1.1053,37,19,19,0,2,0,2,0,0,0,0,0,0,0,0,0,0,21,1,3,3,2,2,20,6,3.5,10,0
134,unified,off,20,140,117,0.8357,36,30,0.8333,0,19,19,0,0,1,1,0,0,0,6,0,0,0,0,1,0,19,1,1,2,2,2,20,7,3.7,12,4
134,protect_l,left,20,120,117,0.975,31,30,0.9677,42,19,19,0,0,1,1,0,0,0,0,0,0,0,0,1,0,19,1,1,2,2,2,20,7,3.7,8,0
134,protect_s,symmetric,20,100,117,1.17,26,30,1.1538,62,18,18,0,1,1,2,0,0,0,0,0,0,0,0,1,0,19,1,1,2,2,2,20,7,3.7,8,0
135,unified,off,21,88,73,0.8295,23,19,0.8261,0,21,21,0,0,0,0,0,0,0,0,0,0,0,0,0,0,21,1,1,3,2,2,20,10,4.15,10,4
135,protect_l,left,21,52,73,1.4038,14,19,1.3571,16,21,21,0,0,0,0,0,0,0,0,0,0,0,0,0,0,21,1,1,3,2,2,20,10,4.15,4,0
135,protect_s,symmetric,21,28,73,2.6071,8,19,2.375,26,12,12,0,9,0,9,0,0,0,0,0,0,0,0,0,0,21,1,1,3,2,2,20,10,4.15,4,0
136,unified,off,21,92,117,1.2717,24,30,1.25,0,21,21,0,0,0,0,0,0,0,0,0,0,0,0,0,0,21,1,4,2,2,2,20,8,3.5,10,1
136,protect_l,left,21,104,117,1.125,27,30,1.1111,36,21,21,0,0,0,0,0,0,0,0,0,0,0,0,0,0,21,1,4,2,2,2,20,8,3.5,10,0
136,protect_s,symmetric,21,104,117,1.125,27,30,1.1111,62,15,15,0,6,0,6,0,0,0,0,0,0,0,0,0,0,21,1,4,2,2,2,20,8,3.5,10,0
137,unified,off,21,136,169,1.2426,35,43,1.2286,0,21,21,0,0,0,0,0,0,0,0,0,0,0,0,0,0,21,1,3,2,2,2,20,7,3.25,12,4
137,protect_l,left,21,120,169,1.4083,31,43,1.3871,21,21,21,0,0,0,0,0,0,0,0,0,0,0,0,0,0,21,1,3,2,2,2,20,7,3.25,9,0
137,protect_s,symmetric,21,72,169,2.3472,19,43,2.2632,32,11,11,0,10,0,10,0,0,0,0,0,0,0,0,0,0,21,1,3,2,2,2,20,7,3.25,9,0
138,unified,off,21,212,225,1.0613,54,57,1.0556,0,8,8,0,12,1,13,0,0,0,11,0,0,0,0,1,0,20,1,3,3,2,2,20,8,4.0,17,7
138,protect_l,left,21,176,225,1.2784,45,57,1.2667,34,16,16,0,4,1,5,0,0,0,0,0,0,0,0,1,0,20,1,3,3,2,2,20,8,4.0,12,0
138,protect_s,symmetric,21,144,225,1.5625,37,57,1.5405,45,13,13,0,7,1,8,0,0,0,0,0,0,0,0,1,0,20,1,3,3,2,2,20,8,4.0,12,0
139,unified,off,21,148,93,0.6284,38,24,0.6316,0,21,21,0,0,0,0,0,0,0,0,0,0,0,0,0,0,21,1,4,2,2,2,20,7,3.5,13,4
139,protect_l,left,21,116,93,0.8017,30,24,0.8,22,21,21,0,0,0,0,0,0,0,0,0,0,0,0,0,0,21,1,4,2,2,2,20,7,3.5,9,0
139,protect_s,symmetric,21,92,93,1.0109,24,24,1.0,28,11,11,0,10,0,10,0,0,0,0,0,0,0,0,0,0,21,1,4,2,2,2,20,7,3.5,9,0
140,unified,off,21,148,121,0.8176,38,31,0.8158,0,21,21,0,0,0,0,0,0,0,0,0,0,0,0,0,0,21,1,1,4,2,2,20,5,3.0,13,3
140,protect_l,left,21,132,121,0.9167,34,31,0.9118,19,21,21,0,0,0,0,0,0,0,0,0,0,0,0,0,0,21,1,1,4,2,2,20,5,3.0,12,0
140,protect_s,symmetric,21,108,121,1.1204,28,31,1.1071,42,18,18,0,3,0,3,0,0,0,0,0,0,0,0,0,0,21,1,1,4,2,2,20,5,3.0,12,0
141,unified,off,21,100,81,0.81,26,21,0.8077,0,21,21,0,0,0,0,0,0,0,0,0,0,0,0,0,0,21,1,3,1,2,2,20,7,3.85,11,4
141,protect_l,left,21,64,81,1.2656,17,21,1.2353,31,21,21,0,0,0,0,0,0,0,0,0,0,0,0,0,0,21,1,3,1,2,2,20,7,3.85,7,0
141,protect_s,symmetric,21,60,81,1.35,16,21,1.3125,43,15,15,0,6,0,6,0,0,0,0,0,0,0,0,0,0,21,1,3,1,2,2,20,7,3.85,7,0
142,unified,off,21,180,249,1.3833,46,63,1.3696,0,21,21,0,0,0,0,0,0,0,14,0,0,0,0,0,0,21,2,1,2,2,2,20,9,3.3,12,7
142,protect_l,left,21,116,249,2.1466,30,63,2.1,21,16,16,0,5,0,5,0,0,0,0,0,0,0,0,0,0,21,2,1,2,2,2,20,9,3.3,4,0
142,protect_s,symmetric,21,40,249,6.225,11,63,5.7273,44,8,8,0,13,0,13,0,0,0,0,0,0,0,0,0,0,21,2,1,2,2,2,20,9,3.3,4,0
143,unified,off,21,244,257,1.0533,62,65,1.0484,0,21,21,0,0,0,0,0,0,0,0,0,0,0,0,0,0,21,1,4,2,2,2,20,5,3.55,16,4
143,protect_l,left,21,236,257,1.089,60,65,1.0833,59,21,21,0,0,0,0,0,0,0,0,0,0,0,0,0,0,21,1,4,2,2,2,20,5,3.55,13,0
143,protect_s,symmetric,21,188,257,1.367,48,65,1.3542,68,11,11,0,10,0,10,0,0,0,0,0,0,0,0,0,0,21,1,4,2,2,2,20,5,3.55,13,0
144,unified,off,20,88,109,1.2386,23,28,1.2174,0,20,20,0,0,0,0,0,0,0,0,0,0,0,0,0,0,20,1,3,2,2,2,20,4,3.5,9,2
144,protect_l,left,20,100,109,1.09,26,28,1.0769,11,20,20,0,0,0,0,0,0,0,0,0,0,0,0,0,0,20,1,3,2,2,2,20,4,3.5,9,0
144,protect_s,symmetric,20,60,109,1.8167,16,28,1.75,16,14,14,0,6,0,6,0,0,0,0,0,0,0,0,0,0,20,1,3,2,2,2,20,4,3.5,9,0
145,unified,off,20,124,137,1.1048,32,35,1.0938,0,20,20,0,0,0,0,0,0,0,0,0,0,0,0,0,0,20,4,2,1,2,2,20,16,3.9,7,5
145,protect_l,left,20,92,137,1.4891,24,35,1.4583,19,20,20,0,0,0,0,0,0,0,0,0,0,0,0,0,0,20,4,2,1,2,2,20,16,3.9,3,0
145,protect_s,symmetric,20,52,137,2.6346,14,35,2.5,31,7,7,0,13,0,13,0,0,0,0,0,0,0,0,0,0,20,4,2,1,2,2,20,16,3.9,3,0
146,unified,off,21,36,29,0.8056,10,8,0.8,0,21,21,0,0,0,0,0,0,0,1,0,0,0,0,0,0,21,3,2,2,2,2,20,13,3.3,6,3
146,protect_l,left,21,24,29,1.2083,7,8,1.1429,8,21,21,0,0,0,0,0,0,0,0,0,0,0,0,0,0,21,3,2,2,2,2,20,13,3.3,3,0
146,protect_s,symmetric,21,28,29,1.0357,8,8,1.0,20,8,8,0,13,0,13,0,0,0,0,0,0,0,0,0,0,21,3,2,2,2,2,20,13,3.3,3,0
147,unified,off,21,60,69,1.15,16,18,1.125,0,21,21,0,0,0,0,0,0,0,0,0,0,0,0,0,0,21,1,1,4,2,2,20,5,3.2,7,1
147,protect_l,left,21,56,69,1.2321,15,18,1.2,10,21,21,0,0,0,0,0,0,0,0,0,0,0,0,0,0,21,1,1,4,2,2,20,5,3.2,6,0
147,protect_s,symmetric,21,56,69,1.2321,15,18,1.2,28,16,16,0,5,0,5,0,0,0,0,0,0,0,0,0,0,21,1,1,4,2,2,20,5,3.2,6,0
148,unified,off,20,180,197,1.0944,46,50,1.087,0,19,19,0,0,1,1,0,0,0,4,0,0,0,0,1,0,19,4,2,1,2,2,20,15,3.8,10,8
148,protect_l,left,20,108,197,1.8241,28,50,1.7857,22,19,19,0,0,1,1,0,0,0,0,0,0,0,0,1,0,19,4,2,1,2,2,20,15,3.8,3,0
148,protect_s,symmetric,20,32,197,6.1562,9,50,5.5556,30,3,3,0,16,1,17,0,0,0,0,0,0,0,0,1,0,19,4,2,1,2,2,20,15,3.8,3,0
149,unified,off,20,192,141,0.7344,49,36,0.7347,0,20,20,0,0,0,0,0,0,0,0,0,0,0,0,0,0,20,3,2,3,2,2,20,13,3.35,15,10
149,protect_l,left,20,80,141,1.7625,21,36,1.7143,19,19,19,0,1,0,1,0,0,0,0,0,0,0,0,0,0,20,3,2,3,2,2,20,13,3.35,5,0
149,protect_s,symmetric,20,32,141,4.4062,9,36,4.0,26,4,4,0,16,0,16,0,0,0,0,0,0,0,0,0,0,20,3,2,3,2,2,20,13,3.35,5,0
150,unified,off,21,80,93,1.1625,21,24,1.1429,0,21,21,0,0,0,0,0,0,0,0,0,0,0,0,0,0,21,1,1,2,2,2,20,4,3.75,11,2
150,protect_l,left,21,68,93,1.3676,18,24,1.3333,13,21,21,0,0,0,0,0,0,0,0,0,0,0,0,0,0,21,1,1,2,2,2,20,4,3.75,9,0
150,protect_s,symmetric,21,44,93,2.1136,12,24,2.0,19,12,12,0,9,0,9,0,0,0,0,0,0,0,0,0,0,21,1,1,2,2,2,20,4,3.75,9,0
151,unified,off,21,260,325,1.25,66,82,1.2424,0,6,6,0,14,1,1,0,0,14,31,0,0,0,0,1,0,20,3,2,3,2,2,20,11,3.55,17,10
151,protect_l,left,21,92,325,3.5326,24,82,3.4167,23,9,9,0,11,1,12,0,0,0,0,0,0,0,0,1,0,20,3,2,3,2,2,20,11,3.55,8,0
151,protect_s,symmetric,21,44,325,7.3864,12,82,6.8333,31,6,6,0,14,1,15,0,0,0,0,0,0,0,0,1,0,20,3,2,3,2,2,20,11,3.55,8,0
152,unified,off,20,240,125,0.5208,61,32,0.5246,0,2,2,0,18,0,0,0,0,18,37,0,0,0,0,0,0,20,1,3,2,2,2,20,6,3.55,15,6
152,protect_l,left,20,140,125,0.8929,36,32,0.8889,27,16,16,0,4,0,4,0,0,0,0,0,0,0,0,0,0,20,1,3,2,2,2,20,6,3.55,7,0
152,protect_s,symmetric,20,64,125,1.9531,17,32,1.8824,34,5,5,0,15,0,15,0,0,0,0,0,0,0,0,0,0,20,1,3,2,2,2,20,6,3.55,7,0
153,unified,off,21,124,105,0.8468,32,27,0.8438,0,3,3,0,15,3,3,0,0,15,30,0,0,0,0,3,0,18,1,3,3,2,2,20,8,3.85,13,5
153,protect_l,left,21,64,105,1.6406,17,27,1.5882,9,14,14,0,4,3,7,0,0,0,0,0,0,0,0,3,0,18,1,3,3,2,2,20,8,3.85,8,0
153,protect_s,symmetric,21,48,105,2.1875,13,27,2.0769,17,8,8,0,10,3,13,0,0,0,0,0,0,0,0,3,0,18,1,3,3,2,2,20,8,3.85,8,0
154,unified,off,21,140,141,1.0071,36,36,1.0,0,2,2,0,19,0,0,0,0,19,38,0,0,0,0,0,0,21,1,2,5,2,2,20,5,4.15,13,3
154,protect_l,left,21,152,141,0.9276,39,36,0.9231,29,21,21,0,0,0,0,0,0,0,0,0,0,0,0,0,0,21,1,2,5,2,2,20,5,4.15,11,0
154,protect_s,symmetric,21,108,141,1.3056,28,36,1.2857,37,15,15,0,6,0,6,0,0,0,0,0,0,0,0,0,0,21,1,2,5,2,2,20,5,4.15,11,0
155,unified,off,21,164,125,0.7622,42,32,0.7619,0,17,17,0,3,1,1,0,0,3,9,0,0,0,0,1,0,20,1,3,2,2,2,20,6,3.7,15,3
155,protect_l,left,21,120,125,1.0417,31,32,1.0323,48,19,19,0,1,1,2,0,0,0,0,0,0,0,0,1,0,20,1,3,2,2,2,20,6,3.7,11,0
155,protect_s,symmetric,21,96,125,1.3021,25,32,1.28,58,11,11,0,9,1,10,0,0,0,0,0,0,0,0,1,0,20,1,3,2,2,2,20,6,3.7,11,0
156,unified,off,21,168,145,0.8631,43,37,0.8605,0,21,21,0,0,0,0,0,0,0,0,0,0,0,0,0,0,21,1,1,4,2,2,20,9,3.85,16,8
156,protect_l,left,21,112,145,1.2946,29,37,1.2759,40,21,21,0,0,0,0,0,0,0,0,0,0,0,0,0,0,21,1,1,4,2,2,20,9,3.85,8,0
156,protect_s,symmetric,21,76,145,1.9079,20,37,1.85,47,9,9,0,12,0,12,0,0,0,0,0,0,0,0,0,0,21,1,1,4,2,2,20,9,3.85,8,0
157,unified,off,21,68,65,0.9559,18,17,0.9444,0,21,21,0,0,0,0,0,0,0,0,0,0,0,0,0,0,21,1,1,2,2,2,20,7,3.75,9,3
157,protect_l,left,21,52,65,1.25,14,17,1.2143,22,21,21,0,0,0,0,0,0,0,0,0,0,0,0,0,0,21,1,1,2,2,2,20,7,3.75,4,0
157,protect_s,symmetric,21,52,65,1.25,14,17,1.2143,32,21,21,0,0,0,0,0,0,0,0,0,0,0,0,0,0,21,1,1,2,2,2,20,7,3.75,4,0
158,unified,off,21,92,129,1.4022,24,33,1.375,0,21,21,0,0,0,0,0,0,0,5,0,0,0,0,0,0,21,2,1,2,2,2,20,15,3.95,8,5
158,protect_l,left,21,88,129,1.4659,23,33,1.4348,41,21,21,0,0,0,0,0,0,0,0,0,0,0,0,0,0,21,2,1,2,2,2,20,15,3.95,3,0
158,protect_s,symmetric,21,44,129,2.9318,12,33,2.75,53,11,11,0,10,0,10,0,0,0,0,0,0,0,0,0,0,21,2,1,2,2,2,20,15,3.95,3,0
159,unified,off,20,192,169,0.8802,49,43,0.8776,0,11,11,0,9,0,0,0,0,9,27,0,0,0,0,0,0,20,1,3,2,2,2,20,7,4.3,14,6
159,protect_l,left,20,160,169,1.0562,41,43,1.0488,66,17,17,0,3,0,3,0,0,0,0,0,0,0,0,0,0,20,1,3,2,2,2,20,7,4.3,9,0
159,protect_s,symmetric,20,124,169,1.3629,32,43,1.3438,84,12,12,0,8,0,8,0,0,0,0,0,0,0,0,0,0,20,1,3,2,2,2,20,7,4.3,9,0
160,unified,off,21,108,137,1.2685,28,35,1.25,0,21,21,0,0,0,0,0,0,0,0,0,0,0,0,0,0,21,1,2,4,2,2,20,8,3.8,10,4
160,protect_l,left,21,76,137,1.8026,20,35,1.75,37,21,21,0,0,0,0,0,0,0,0,0,0,0,0,0,0,21,1,2,4,2,2,20,8,3.8,8,0
160,protect_s,symmetric,21,60,137,2.2833,16,35,2.1875,44,12,12,0,9,0,9,0,0,0,0,0,0,0,0,0,0,21,1,2,4,2,2,20,8,3.8,8,0
161,unified,off,21,64,61,0.9531,17,16,0.9412,0,1,1,0,20,0,0,0,0,20,39,0,0,0,0,0,0,21,3,1,3,2,2,20,17,3.9,8,6
161,protect_l,left,21,20,61,3.05,6,16,2.6667,19,21,21,0,0,0,0,0,0,0,0,0,0,0,0,0,0,21,3,1,3,2,2,20,17,3.9,2,0
161,protect_s,symmetric,21,16,61,3.8125,5,16,3.2,22,3,3,0,18,0,18,0,0,0,0,0,0,0,0,0,0,21,3,1,3,2,2,20,17,3.9,2,0
162,unified,off,21,96,105,1.0938,25,27,1.08,0,21,21,0,0,0,0,0,0,0,0,0,0,0,0,0,0,21,2,1,2,2,2,20,9,3.25,11,5
162,protect_l,left,21,92,105,1.1413,24,27,1.125,39,21,21,0,0,0,0,0,0,0,0,0,0,0,0,0,0,21,2,1,2,2,2,20,9,3.25,8,0
162,protect_s,symmetric,21,96,105,1.0938,25,27,1.08,78,15,15,0,6,0,6,0,0,0,0,0,0,0,0,0,0,21,2,1,2,2,2,20,9,3.25,8,0
163,unified,off,21,228,189,0.8289,58,48,0.8276,0,21,21,0,0,0,0,0,0,0,4,0,0,0,0,0,0,21,2,4,1,2,2,20,10,3.4,16,9
163,protect_l,left,21,140,189,1.35,36,48,1.3333,29,21,21,0,0,0,0,0,0,0,0,0,0,0,0,0,0,21,2,4,1,2,2,20,10,3.4,9,0
163,protect_s,symmetric,21,88,189,2.1477,23,48,2.087,48,18,18,0,3,0,3,0,0,0,0,0,0,0,0,0,0,21,2,4,1,2,2,20,10,3.4,9,0
164,unified,off,21,224,185,0.8259,57,47,0.8246,0,19,19,0,0,2,2,0,0,0,7,0,0,0,0,2,0,19,2,3,3,2,2,20,11,3.3,16,8
164,protect_l,left,21,120,185,1.5417,31,47,1.5161,24,18,18,0,1,2,3,0,0,0,0,0,0,0,0,2,0,19,2,3,3,2,2,20,11,3.3,7,0
164,protect_s,symmetric,21,60,185,3.0833,16,47,2.9375,30,8,8,0,11,2,13,0,0,0,0,0,0,0,0,2,0,19,2,3,3,2,2,20,11,3.3,7,0
165,unified,off,20,80,81,1.0125,21,21,1.0,0,20,20,0,0,0,0,0,0,0,0,0,0,0,0,0,0,20,1,2,3,2,2,20,8,3.4,8,3
165,protect_l,left,20,84,81,0.9643,22,21,0.9545,20,20,20,0,0,0,0,0,0,0,0,0,0,0,0,0,0,20,1,2,3,2,2,20,8,3.4,7,0
165,protect_s,symmetric,20,56,81,1.4464,15,21,1.4,28,11,11,0,9,0,9,0,0,0,0,0,0,0,0,0,0,20,1,2,3,2,2,20,8,3.4,7,0
166,unified,off,21,28,25,0.8929,8,7,0.875,0,21,21,0,0,0,0,0,0,0,0,0,0,0,0,0,0,21,2,1,1,2,2,20,14,3.65,3,2
166,protect_l,left,21,16,25,1.5625,5,7,1.4,11,21,21,0,0,0,0,0,0,0,0,0,0,0,0,0,0,21,2,1,1,2,2,20,14,3.65,1,0
166,protect_s,symmetric,21,16,25,1.5625,5,7,1.4,14,21,21,0,0,0,0,0,0,0,0,0,0,0,0,0,0,21,2,1,1,2,2,20,14,3.65,1,0
167,unified,off,21,160,121,0.7562,41,31,0.7561,0,21,21,0,0,0,0,0,0,0,3,0,0,0,0,0,0,21,1,3,2,2,2,20,6,3.85,15,5
167,protect_l,left,21,112,121,1.0804,29,31,1.069,42,21,21,0,0,0,0,0,0,0,0,0,0,0,0,0,0,21,1,3,2,2,2,20,6,3.85,8,0
167,protect_s,symmetric,21,72,121,1.6806,19,31,1.6316,50,14,14,0,7,0,7,0,0,0,0,0,0,0,0,0,0,21,1,3,2,2,2,20,6,3.85,8,0
168,unified,off,21,224,221,0.9866,57,56,0.9825,0,19,19,0,0,2,2,0,0,0,0,0,0,0,0,2,0,19,2,2,2,2,2,20,7,3.7,15,3
168,protect_l,left,21,184,221,1.2011,47,56,1.1915,45,19,19,0,0,2,2,0,0,0,0,0,0,0,0,2,0,19,2,2,2,2,2,20,7,3.7,12,0
168,protect_s,symmetric,21,152,221,1.4539,39,56,1.4359,68,16,16,0,3,2,5,0,0,0,0,0,0,0,0,2,0,19,2,2,2,2,2,20,7,3.7,12,0
169,unified,off,20,236,177,0.75,60,45,0.75,0,20,20,0,0,0,0,0,0,0,5,0,0,0,0,0,0,20,2,3,3,2,2,20,10,4.1,16,7
169,protect_l,left,20,128,177,1.3828,33,45,1.3636,38,20,20,0,0,0,0,0,0,0,0,0,0,0,0,0,0,20,2,3,3,2,2,20,10,4.1,9,0
169,protect_s,symmetric,20,68,177,2.6029,18,45,2.5,47,8,8,0,12,0,12,0,0,0,0,0,0,0,0,0,0,20,2,3,3,2,2,20,10,4.1,9,0
170,unified,off,21,200,185,0.925,51,47,0.9216,0,21,21,0,0,0,0,0,0,0,3,0,0,0,0,0,0,21,1,2,3,2,2,20,7,3.35,15,6
170,protect_l,left,21,140,185,1.3214,36,47,1.3056,52,18,18,0,3,0,3,0,0,0,0,0,0,0,0,0,0,21,1,2,3,2,2,20,7,3.35,10,0
170,protect_s,symmetric,21,132,185,1.4015,34,47,1.3824,60,14,14,0,7,0,7,0,0,0,0,0,0,0,0,0,0,21,1,2,3,2,2,20,7,3.35,10,0
171,unified,off,21,168,117,0.6964,43,30,0.6977,0,20,20,0,0,1,1,0,0,0,0,0,0,0,0,1,0,20,1,6,2,2,2,20,7,4.1,14,5
171,protect_l,left,21,132,117,0.8864,34,30,0.8824,30,19,19,0,1,1,2,0,0,0,0,0,0,0,0,1,0,20,1,6,2,2,2,20,7,4.1,10,0
171,protect_s,symmetric,21,100,117,1.17,26,30,1.1538,39,12,12,0,8,1,9,0,0,0,0,0,0,0,0,1,0,20,1,6,2,2,2,20,7,4.1,10,0
172,unified,off,21,64,77,1.2031,17,20,1.1765,0,2,2,0,19,0,0,0,0,19,38,0,0,0,0,0,0,21,2,1,1,2,2,20,11,3.9,6,4
172,protect_l,left,21,48,77,1.6042,13,20,1.5385,11,21,21,0,0,0,0,0,0,0,0,0,0,0,0,0,0,21,2,1,1,2,2,20,11,3.9,2,0
172,protect_s,symmetric,21,32,77,2.4062,9,20,2.2222,29,21,21,0,0,0,0,0,0,0,0,0,0,0,0,0,0,21,2,1,1,2,2,20,11,3.9,2,0
173,unified,off,21,292,221,0.7568,74,56,0.7568,0,2,2,0,18,1,1,0,0,18,35,0,0,0,0,1,0,20,3,2,2,2,2,20,14,4.15,15,11
173,protect_l,left,21,136,221,1.625,35,56,1.6,14,5,5,0,15,1,16,0,0,0,0,0,0,0,0,1,0,20,3,2,2,2,2,20,14,4.15,3,0
173,protect_s,symmetric,21,28,221,7.8929,8,56,7.0,19,5,5,0,15,1,16,0,0,0,0,0,0,0,0,1,0,20,3,2,2,2,2,20,14,4.15,3,0
174,unified,off,21,84,81,0.9643,22,21,0.9545,0,21,21,0,0,0,0,0,0,0,0,0,0,0,0,0,0,21,1,5,1,2,2,20,8,4.05,8,2
174,protect_l,left,21,68,81,1.1912,18,21,1.1667,17,21,21,0,0,0,0,0,0,0,0,0,0,0,0,0,0,21,1,5,1,2,2,20,8,4.05,6,0
174,protect_s,symmetric,21,44,81,1.8409,12,21,1.75,24,11,11,0,10,0,10,0,0,0,0,0,0,0,0,0,0,21,1,5,1,2,2,20,8,4.05,6,0
175,unified,off,21,200,209,1.045,51,53,1.0392,0,4,4,0,16,1,17,0,0,0,14,0,0,0,0,1,0,20,1,1,4,2,2,20,7,3.8,16,6
175,protect_l,left,21,68,209,3.0735,18,53,2.9444,12,17,17,0,3,1,4,0,0,0,0,0,0,0,0,1,0,20,1,1,4,2,2,20,7,3.8,6,0
175,protect_s,symmetric,21,40,209,5.225,11,53,4.8182,23,12,12,0,8,1,9,0,0,0,0,0,0,0,0,1,0,20,1,1,4,2,2,20,7,3.8,6,0
176,unified,off,21,144,245,1.7014,37,62,1.6757,0,21,21,0,0,0,0,0,0,0,1,0,0,0,0,0,0,21,1,2,1,2,2,20,5,4.0,9,3
176,protect_l,left,21,132,245,1.8561,34,62,1.8235,20,20,20,0,1,0,1,0,0,0,0,0,0,0,0,0,0,21,1,2,1,2,2,20,5,4.0,7,0
176,protect_s,symmetric,21,56,245,4.375,15,62,4.1333,29,15,15,0,6,0,6,0,0,0,0,0,0,0,0,0,0,21,1,2,1,2,2,20,5,4.0,7,0
177,unified,off,21,184,149,0.8098,47,38,0.8085,0,21,21,0,0,0,0,0,0,0,0,0,0,0,0,0,0,21,4,4,2,2,2,20,15,3.85,15,10
177,protect_l,left,21,104,149,1.4327,27,38,1.4074,60,21,21,0,0,0,0,0,0,0,0,0,0,0,0,0,0,21,4,4,2,2,2,20,15,3.85,5,0
177,protect_s,symmetric,21,64,149,2.3281,17,38,2.2353,65,3,3,0,18,0,18,0,0,0,0,0,0,0,0,0,0,21,4,4,2,2,2,20,15,3.85,5,0
178,unified,off,21,108,137,1.2685,28,35,1.25,0,3,3,0,18,0,0,0,0,18,38,0,0,0,0,0,0,21,1,3,2,2,2,20,7,3.3,10,3
178,protect_l,left,21,148,137,0.9257,38,35,0.9211,76,21,21,0,0,0,0,0,0,0,0,0,0,0,0,0,0,21,1,3,2,2,2,20,7,3.3,11,0
178,protect_s,symmetric,21,148,137,0.9257,38,35,0.9211,89,14,14,0,7,0,7,0,0,0,0,0,0,0,0,0,0,21,1,3,2,2,2,20,7,3.3,11,0
179,unified,off,19,112,81,0.7232,29,21,0.7241,0,6,6,0,9,4,4,0,0,9,18,0,0,0,0,4,0,15,2,3,1,2,2,20,11,3.95,11,8
179,protect_l,left,19,88,81,0.9205,23,21,0.913,24,15,15,0,0,4,4,0,0,0,0,0,0,0,0,4,0,15,2,3,1,2,2,20,11,3.95,4,0
179,protect_s,symmetric,19,32,81,2.5312,9,21,2.3333,31,4,4,0,11,4,15,0,0,0,0,0,0,0,0,4,0,15,2,3,1,2,2,20,11,3.95,4,0
180,unified,off,21,88,93,1.0568,23,24,1.0435,0,2,2,0,19,0,0,0,0,19,46,0,0,0,0,0,0,21,1,1,2,2,2,20,8,3.9,8,4
180,protect_l,left,21,76,93,1.2237,20,24,1.2,21,20,20,0,1,0,1,0,0,0,0,0,0,0,0,0,0,21,1,1,2,2,2,20,8,3.9,7,0
180,protect_s,symmetric,21,60,93,1.55,16,24,1.5,37,12,12,0,9,0,9,0,0,0,0,0,0,0,0,0,0,21,1,1,2,2,2,20,8,3.9,7,0
181,unified,off,21,144,157,1.0903,37,40,1.0811,0,1,1,0,20,0,0,0,0,20,44,0,0,0,0,0,0,21,2,2,5,2,2,20,11,3.55,13,7
181,protect_l,left,21,92,157,1.7065,24,40,1.6667,20,11,11,0,10,0,10,0,0,0,0,0,0,0,0,0,0,21,2,2,5,2,2,20,11,3.55,6,0
181,protect_s,symmetric,21,72,157,2.1806,19,40,2.1053,28,6,6,0,15,0,15,0,0,0,0,0,0,0,0,0,0,21,2,2,5,2,2,20,11,3.55,6,0
182,unified,off,21,92,109,1.1848,24,28,1.1667,0,3,3,0,18,0,0,0,0,18,38,0,0,0,0,0,0,21,2,1,2,2,2,20,15,3.3,10,7
182,protect_l,left,21,52,109,2.0962,14,28,2.0,19,20,20,0,1,0,1,0,0,0,0,0,0,0,0,0,0,21,2,1,2,2,2,20,15,3.3,2,0
182,protect_s,symmetric,21,24,109,4.5417,7,28,4.0,25,7,7,0,14,0,14,0,0,0,0,0,0,0,0,0,0,21,2,1,2,2,2,20,15,3.3,2,0
183,unified,off,21,108,113,1.0463,28,29,1.0357,0,16,16,0,0,5,5,0,0,0,2,0,0,0,0,5,0,16,1,1,2,2,2,20,6,3.95,14,3
183,protect_l,left,21,92,113,1.2283,24,29,1.2083,11,16,16,0,0,5,5,0,0,0,0,0,0,0,0,5,0,16,1,1,2,2,2,20,6,3.95,11,0
183,protect_s,symmetric,21,72,113,1.5694,19,29,1.5263,17,12,12,0,4,5,9,0,0,0,0,0,0,0,0,5,0,16,1,1,2,2,2,20,6,3.95,11,0
184,unified,off,21,152,89,0.5855,39,23,0.5897,0,21,21,0,0,0,0,0,0,0,0,0,0,0,0,0,0,21,2,2,3,2,2,20,11,3.25,15,7
184,protect_l,left,21,72,89,1.2361,19,23,1.2105,38,21,21,0,0,0,0,0,0,0,0,0,0,0,0,0,0,21,2,2,3,2,2,20,11,3.25,7,0
184,protect_s,symmetric,21,60,89,1.4833,16,23,1.4375,41,4,4,0,17,0,17,0,0,0,0,0,0,0,0,0,0,21,2,2,3,2,2,20,11,3.25,7,0
185,unified,off,21,148,117,0.7905,38,30,0.7895,0,19,19,0,0,2,2,0,0,0,0,0,0,0,0,2,0,19,1,1,4,2,2,20,6,4.0,13,3
185,protect_l,left,21,112,117,1.0446,29,30,1.0345,26,19,19,0,0,2,2,0,0,0,0,0,0,0,0,2,0,19,1,1,4,2,2,20,6,4.0,10,0
185,protect_s,symmetric,21,76,117,1.5395,20,30,1.5,35,12,12,0,7,2,9,0,0,0,0,0,0,0,0,2,0,19,1,1,4,2,2,20,6,4.0,10,0
186,unified,off,21,108,141,1.3056,28,36,1.2857,0,19,19,0,0,2,2,0,0,0,1,0,0,0,0,2,0,19,1,4,1,2,2,20,10,3.85,11,6
186,protect_l,left,21,112,141,1.2589,29,36,1.2414,59,18,18,0,1,2,3,0,0,0,0,0,0,0,0,2,0,19,1,4,1,2,2,20,10,3.85,8,0
186,protect_s,symmetric,21,88,141,1.6023,23,36,1.5652,67,9,9,0,10,2,12,0,0,0,0,0,0,0,0,2,0,19,1,4,1,2,2,20,10,3.85,8,0
187,unified,off,20,40,45,1.125,11,12,1.0909,0,20,20,0,0,0,0,0,0,0,2,0,0,0,0,0,0,20,1,3,2,2,2,20,11,3.8,3,2
187,protect_l,left,20,72,45,0.625,19,12,0.6316,34,20,20,0,0,0,0,0,0,0,0,0,0,0,0,0,0,20,1,3,2,2,2,20,11,3.8,6,0
187,protect_s,symmetric,20,60,45,0.75,16,12,0.75,43,12,12,0,8,0,8,0,0,0,0,0,0,0,0,0,0,20,1,3,2,2,2,20,11,3.8,6,0
188,unified,off,21,196,177,0.9031,50,45,0.9,0,21,21,0,0,0,0,0,0,0,9,0,0,0,0,0,0,21,2,3,1,2,2,20,11,3.85,15,9
188,protect_l,left,21,80,177,2.2125,21,45,2.1429,10,16,16,0,5,0,5,0,0,0,0,0,0,0,0,0,0,21,2,3,1,2,2,20,11,3.85,1,0
188,protect_s,symmetric,21,12,177,14.75,4,45,11.25,19,5,5,0,16,0,16,0,0,0,0,0,0,0,0,0,0,21,2,3,1,2,2,20,11,3.85,1,0
189,unified,off,21,76,69,0.9079,20,18,0.9,0,21,21,0,0,0,0,0,0,0,0,0,0,0,0,0,0,21,1,3,1,2,2,20,7,3.85,9,3
189,protect_l,left,21,76,69,0.9079,20,18,0.9,15,21,21,0,0,0,0,0,0,0,0,0,0,0,0,0,0,21,1,3,1,2,2,20,7,3.85,7,0
189,protect_s,symmetric,21,72,69,0.9583,19,18,0.9474,20,21,21,0,0,0,0,0,0,0,0,0,0,0,0,0,0,21,1,3,1,2,2,20,7,3.85,7,0
190,unified,off,19,164,113,0.689,42,29,0.6905,0,19,19,0,0,0,0,0,0,0,0,0,0,0,0,0,0,19,2,2,4,2,2,20,11,3.95,13,6
190,protect_l,left,19,116,113,0.9741,30,29,0.9667,47,19,19,0,0,0,0,0,0,0,0,0,0,0,0,0,0,19,2,2,4,2,2,20,11,3.95,7,0
190,protect_s,symmetric,19,76,113,1.4868,20,29,1.45,55,9,9,0,10,0,10,0,0,0,0,0,0,0,0,0,0,19,2,2,4,2,2,20,11,3.95,7,0
191,unified,off,21,172,161,0.936,44,41,0.9318,0,21,21,0,0,0,0,0,0,0,1,0,0,0,0,0,0,21,3,2,2,2,2,20,13,3.75,13,8
191,protect_l,left,21,104,161,1.5481,27,41,1.5185,20,18,18,0,3,0,3,0,0,0,0,0,0,0,0,0,0,21,3,2,2,2,2,20,13,3.75,4,0
191,protect_s,symmetric,21,36,161,4.4722,10,41,4.1,27,5,5,0,16,0,16,0,0,0,0,0,0,0,0,0,0,21,3,2,2,2,2,20,13,3.75,4,0
192,unified,off,20,120,97,0.8083,31,25,0.8065,0,20,20,0,0,0,0,0,0,0,3,0,0,0,0,0,0,20,3,3,1,2,2,20,16,4.2,12,9
192,protect_l,left,20,68,97,1.4265,18,25,1.3889,38,17,17,0,3,0,3,0,0,0,0,0,0,0,0,0,0,20,3,3,1,2,2,20,16,4.2,3,0
192,protect_s,symmetric,20,40,97,2.425,11,25,2.2727,42,4,4,0,16,0,16,0,0,0,0,0,0,0,0,0,0,20,3,3,1,2,2,20,16,4.2,3,0
193,unified,off,21,284,277,0.9754,72,70,0.9722,0,20,20,0,0,1,1,0,0,0,0,0,0,0,0,1,0,20,4,2,1,2,2,20,15,3.7,15,11
193,protect_l,left,21,160,277,1.7312,41,70,1.7073,15,20,20,0,0,1,1,0,0,0,0,0,0,0,0,1,0,20,4,2,1,2,2,20,15,3.7,4,0
193,protect_s,symmetric,21,24,277,11.5417,7,70,10.0,20,4,4,0,16,1,17,0,0,0,0,0,0,0,0,1,0,20,4,2,1,2,2,20,15,3.7,4,0
194,unified,off,21,136,133,0.9779,35,34,0.9714,0,7,7,0,14,0,0,0,0,14,36,0,0,0,0,0,0,21,1,1,2,2,2,20,9,3.7,12,7
194,protect_l,left,21,68,133,1.9559,18,34,1.8889,30,16,16,0,5,0,5,0,0,0,0,0,0,0,0,0,0,21,1,1,2,2,2,20,9,3.7,5,0
194,protect_s,symmetric,21,32,133,4.1562,9,34,3.7778,34,5,5,0,16,0,16,0,0,0,0,0,0,0,0,0,0,21,1,1,2,2,2,20,9,3.7,5,0
195,unified,off,21,180,117,0.65,46,30,0.6522,0,15,15,0,0,6,6,0,0,0,0,0,0,0,0,6,0,15,2,1,3,2,2,20,9,3.6,16,7
195,protect_l,left,21,120,117,0.975,31,30,0.9677,28,15,15,0,0,6,6,0,0,0,0,0,0,0,0,6,0,15,2,1,3,2,2,20,9,3.6,9,0
195,protect_s,symmetric,21,88,117,1.3295,23,30,1.3043,36,11,11,0,4,6,10,0,0,0,0,0,0,0,0,6,0,15,2,1,3,2,2,20,9,3.6,9,0
196,unified,off,21,268,213,0.7948,68,54,0.7941,0,20,20,0,0,1,1,0,0,0,0,0,0,0,0,1,0,20,2,2,5,2,2,20,10,3.5,17,8
196,protect_l,left,21,144,213,1.4792,37,54,1.4595,33,17,17,0,3,1,4,0,0,0,0,0,0,0,0,1,0,20,2,2,5,2,2,20,10,3.5,7,0
196,protect_s,symmetric,21,72,213,2.9583,19,54,2.8421,42,6,6,0,14,1,15,0,0,0,0,0,0,0,0,1,0,20,2,2,5,2,2,20,10,3.5,7,0
197,unified,off,20,76,117,1.5395,20,30,1.5,0,20,20,0,0,0,0,0,0,0,0,0,0,0,0,0,0,20,1,3,2,2,2,20,4,3.35,7,0
197,protect_l,left,20,76,117,1.5395,20,30,1.5,10,20,20,0,0,0,0,0,0,0,0,0,0,0,0,0,0,20,1,3,2,2,2,20,4,3.35,7,0
197,protect_s,symmetric,20,44,117,2.6591,12,30,2.5,17,17,17,0,3,0,3,0,0,0,0,0,0,0,0,0,0,20,1,3,2,2,2,20,4,3.35,7,0
198,unified,off,21,180,185,1.0278,46,47,1.0217,0,21,21,0,0,0,0,0,0,0,6,0,0,0,0,0,0,21,2,2,1,2,2,20,15,4.1,12,8
198,protect_l,left,21,120,185,1.5417,31,47,1.5161,55,21,21,0,0,0,0,0,0,0,0,0,0,0,0,0,0,21,2,2,1,2,2,20,15,4.1,4,0
198,protect_s,symmetric,21,40,185,4.625,11,47,4.2727,57,6,6,0,15,0,15,0,0,0,0,0,0,0,0,0,0,21,2,2,1,2,2,20,15,4.1,4,0
199,unified,off,21,144,137,0.9514,37,35,0.9459,0,21,21,0,0,0,0,0,0,0,0,0,0,0,0,0,0,21,1,4,1,2,2,20,7,3.8,14,5
199,protect_l,left,21,116,137,1.181,30,35,1.1667,55,21,21,0,0,0,0,0,0,0,0,0,0,0,0,0,0,21,1,4,1,2,2,20,7,3.8,9,0
199,protect_s,symmetric,21,92,137,1.4891,24,35,1.4583,65,12,12,0,9,0,9,0,0,0,0,0,0,0,0,0,0,21,1,4,1,2,2,20,7,3.8,9,0
200,unified,off,21,200,117,0.585,51,30,0.5882,0,3,3,0,18,0,0,0,0,18,46,0,0,0,0,0,0,21,1,4,2,2,2,20,8,3.8,16,5
200,protect_l,left,21,100,117,1.17,26,30,1.1538,25,10,10,0,11,0,11,0,0,0,0,0,0,0,0,0,0,21,1,4,2,2,2,20,8,3.8,8,0
200,protect_s,symmetric,21,64,117,1.8281,17,30,1.7647,30,6,6,0,15,0,15,0,0,0,0,0,0,0,0,0,0,21,1,4,2,2,2,20,8,3.8,8,0
201,unified,off,21,140,109,0.7786,36,28,0.7778,0,21,21,0,0,0,0,0,0,0,0,0,0,0,0,0,0,21,1,2,4,2,2,20,6,4.1,13,3
201,protect_l,left,21,124,109,0.879,32,28,0.875,16,21,21,0,0,0,0,0,0,0,0,0,0,0,0,0,0,21,1,2,4,2,2,20,6,4.1,11,0
201,protect_s,symmetric,21,104,109,1.0481,27,28,1.037,25,15,15,0,6,0,6,0,0,0,0,0,0,0,0,0,0,21,1,2,4,2,2,20,6,4.1,11,0
202,unified,off,21,196,141,0.7194,50,36,0.72,0,20,20,0,0,1,1,0,0,0,0,0,0,0,0,1,0,20,3,3,2,2,2,20,15,3.8,16,11
202,protect_l,left,21,132,141,1.0682,34,36,1.0588,54,20,20,0,0,1,1,0,0,0,0,0,0,0,0,1,0,20,3,3,2,2,2,20,15,3.8,5,0
202,protect_s,symmetric,21,80,141,1.7625,21,36,1.7143,61,5,5,0,15,1,16,0,0,0,0,0,0,0,0,1,0,20,3,3,2,2,2,20,15,3.8,5,0
203,unified,off,21,236,257,1.089,60,65,1.0833,0,18,18,0,3,0,0,0,0,3,10,0,0,0,0,0,0,21,2,4,1,2,2,20,9,3.6,14,5
203,protect_l,left,21,108,257,2.3796,28,65,2.3214,13,18,18,0,3,0,3,0,0,0,0,0,0,0,0,0,0,21,2,4,1,2,2,20,9,3.6,5,0
203,protect_s,symmetric,21,32,257,8.0312,9,65,7.2222,27,10,10,0,11,0,11,0,0,0,0,0,0,0,0,0,0,21,2,4,1,2,2,20,9,3.6,5,0
204,unified,off,20,192,165,0.8594,49,42,0.8571,0,19,19,0,0,1,1,0,0,0,1,0,0,0,0,1,0,19,2,4,1,2,2,20,12,4.0,14,8
204,protect_l,left,20,100,165,1.65,26,42,1.6154,20,18,18,0,1,1,2,0,0,0,0,0,0,0,0,1,0,19,2,4,1,2,2,20,12,4.0,6,0
204,protect_s,symmetric,20,36,165,4.5833,10,42,4.2,25,4,4,0,15,1,16,0,0,0,0,0,0,0,0,1,0,19,2,4,1,2,2,20,12,4.0,6,0
205,unified,off,20,104,89,0.8558,27,23,0.8519,0,20,20,0,0,0,0,0,0,0,0,0,0,0,0,0,0,20,1,3,4,2,2,20,8,3.95,12,6
205,protect_l,left,20,60,89,1.4833,16,23,1.4375,26,14,14,0,6,0,6,0,0,0,0,0,0,0,0,0,0,20,1,3,4,2,2,20,8,3.95,4,0
205,protect_s,symmetric,20,44,89,2.0227,12,23,1.9167,34,6,6,0,14,0,14,0,0,0,0,0,0,0,0,0,0,20,1,3,4,2,2,20,8,3.95,4,0
206,unified,off,20,108,93,0.8611,28,24,0.8571,0,20,20,0,0,0,0,0,0,0,6,0,0,0,0,0,0,20,1,2,2,2,2,20,4,3.55,11,1
206,protect_l,left,20,100,93,0.93,26,24,0.9231,27,20,20,0,0,0,0,0,0,0,0,0,0,0,0,0,0,20,1,2,2,2,2,20,4,3.55,10,0
206,protect_s,symmetric,20,88,93,1.0568,23,24,1.0435,43,19,19,0,1,0,1,0,0,0,0,0,0,0,0,0,0,20,1,2,2,2,2,20,4,3.55,10,0
207,unified,off,21,172,173,1.0058,44,44,1.0,0,21,21,0,0,0,0,0,0,0,0,0,0,0,0,0,0,21,1,1,2,2,2,20,4,3.1,13,1
207,protect_l,left,21,172,173,1.0058,44,44,1.0,25,21,21,0,0,0,0,0,0,0,0,0,0,0,0,0,0,21,1,1,2,2,2,20,4,3.1,12,0
207,protect_s,symmetric,21,132,173,1.3106,34,44,1.2941,32,16,16,0,5,0,5,0,0,0,0,0,0,0,0,0,0,21,1,1,2,2,2,20,4,3.1,12,0
208,unified,off,21,140,141,1.0071,36,36,1.0,0,5,5,0,11,5,12,0,0,4,20,0,0,0,0,5,0,16,3,1,3,2,2,20,15,3.55,8,4
208,protect_l,left,21,108,141,1.3056,28,36,1.2857,22,10,10,0,6,5,11,0,0,0,0,0,0,0,0,5,0,16,3,1,3,2,2,20,15,3.55,2,0
208,protect_s,symmetric,21,16,141,8.8125,5,36,7.2,26,4,4,0,12,5,17,0,0,0,0,0,0,0,0,5,0,16,3,1,3,2,2,20,15,3.55,2,0
209,unified,off,21,188,165,0.8777,48,42,0.875,0,20,20,0,1,0,1,0,0,0,1,0,0,0,0,0,0,21,1,3,1,2,2,20,7,3.8,14,4
209,protect_l,left,21,132,165,1.25,34,42,1.2353,40,20,20,0,1,0,1,0,0,0,0,0,0,0,0,0,0,21,1,3,1,2,2,20,7,3.8,9,0
209,protect_s,symmetric,21,92,165,1.7935,24,42,1.75,50,15,15,0,6,0,6,0,0,0,0,0,0,0,0,0,0,21,1,3,1,2,2,20,7,3.8,9,0
210,unified,off,21,188,153,0.8138,48,39,0.8125,0,15,15,0,3,3,6,0,0,0,0,0,0,0,0,3,0,18,1,2,4,2,2,20,5,4.0,15,2
210,protect_l,left,21,168,153,0.9107,43,39,0.907,15,15,15,0,3,3,6,0,0,0,0,0,0,0,0,3,0,18,1,2,4,2,2,20,5,4.0,14,0
210,protect_s,symmetric,21,144,153,1.0625,37,39,1.0541,26,11,11,0,7,3,10,0,0,0,0,0,0,0,0,3,0,18,1,2,4,2,2,20,5,4.0,14,0
211,unified,off,20,128,117,0.9141,33,30,0.9091,0,18,18,0,0,2,2,0,0,0,0,0,0,0,0,2,0,18,3,2,2,2,2,20,12,3.75,9,4
211,protect_l,left,20,52,117,2.25,14,30,2.1429,18,18,18,0,0,2,2,0,0,0,0,0,0,0,0,2,0,18,3,2,2,2,2,20,12,3.75,4,0
211,protect_s,symmetric,20,28,117,4.1786,8,30,3.75,25,5,5,0,13,2,15,0,0,0,0,0,0,0,0,2,0,18,3,2,2,2,2,20,12,3.75,4,0
212,unified,off,20,120,81,0.675,31,21,0.6774,0,20,20,0,0,0,0,0,0,0,0,0,0,0,0,0,0,20,1,3,4,2,2,20,8,3.75,12,5
212,protect_l,left,20,76,81,1.0658,20,21,1.05,33,20,20,0,0,0,0,0,0,0,0,0,0,0,0,0,0,20,1,3,4,2,2,20,8,3.75,6,0
212,protect_s,symmetric,20,56,81,1.4464,15,21,1.4,39,9,9,0,11,0,11,0,0,0,0,0,0,0,0,0,0,20,1,3,4,2,2,20,8,3.75,6,0
213,unified,off,21,152,161,1.0592,39,41,1.0513,0,19,19,0,0,2,2,0,0,0,8,0,0,0,0,2,0,19,1,4,2,2,2,20,7,3.65,15,5
213,protect_l,left,21,104,161,1.5481,27,41,1.5185,38,19,19,0,0,2,2,0,0,0,0,0,0,0,0,2,0,19,1,4,2,2,2,20,7,3.65,9,0
213,protect_s,symmetric,21,80,161,2.0125,21,41,1.9524,47,14,14,0,5,2,7,0,0,0,0,0,0,0,0,2,0,19,1,4,2,2,2,20,7,3.65,9,0
214,unified,off,21,124,125,1.0081,32,32,1.0,0,21,21,0,0,0,0,0,0,0,6,0,0,0,0,0,0,21,1,3,2,2,2,20,9,3.45,12,5
214,protect_l,left,21,112,125,1.1161,29,32,1.1034,74,21,21,0,0,0,0,0,0,0,0,0,0,0,0,0,0,21,1,3,2,2,2,20,9,3.45,9,0
214,protect_s,symmetric,21,108,125,1.1574,28,32,1.1429,85,17,17,0,4,0,4,0,0,0,0,0,0,0,0,0,0,21,1,3,2,2,2,20,9,3.45,9,0
215,unified,off,20,140,225,1.6071,36,57,1.5833,0,20,20,0,0,0,0,0,0,0,0,0,0,0,0,0,0,20,1,3,1,2,2,20,5,3.55,16,4
215,protect_l,left,20,64,225,3.5156,17,57,3.3529,17,16,16,0,4,0,4,0,0,0,0,0,0,0,0,0,0,20,1,3,1,2,2,20,5,3.55,8,0
215,protect_s,symmetric,20,48,225,4.6875,13,57,4.3846,27,10,10,0,10,0,10,0,0,0,0,0,0,0,0,0,0,20,1,3,1,2,2,20,5,3.55,8,0
216,unified,off,20,108,113,1.0463,28,29,1.0357,0,20,20,0,0,0,0,0,0,0,0,0,0,0,0,0,0,20,3,1,4,2,2,20,16,4.05,5,2
216,protect_l,left,20,100,113,1.13,26,29,1.1154,20,20,20,0,0,0,0,0,0,0,0,0,0,0,0,0,0,20,3,1,4,2,2,20,16,4.05,3,0
216,protect_s,symmetric,20,32,113,3.5312,9,29,3.2222,23,2,2,0,18,0,18,0,0,0,0,0,0,0,0,0,0,20,3,1,4,2,2,20,16,4.05,3,0
217,unified,off,21,132,169,1.2803,34,43,1.2647,0,21,21,0,0,0,0,0,0,0,1,0,0,0,0,0,0,21,4,2,1,2,2,20,13,3.6,10,6
217,protect_l,left,21,132,169,1.2803,34,43,1.2647,45,21,21,0,0,0,0,0,0,0,0,0,0,0,0,0,0,21,4,2,1,2,2,20,13,3.6,7,0
217,protect_s,symmetric,21,76,169,2.2237,20,43,2.15,67,15,15,0,6,0,6,0,0,0,0,0,0,0,0,0,0,21,4,2,1,2,2,20,13,3.6,7,0
218,unified,off,21,104,69,0.6635,27,18,0.6667,0,21,21,0,0,0,0,0,0,0,0,0,0,0,0,0,0,21,2,4,1,2,2,20,11,4.1,11,3
218,protect_l,left,21,96,69,0.7188,25,18,0.72,42,21,21,0,0,0,0,0,0,0,0,0,0,0,0,0,0,21,2,4,1,2,2,20,11,4.1,8,0
218,protect_s,symmetric,21,56,69,1.2321,15,18,1.2,50,8,8,0,13,0,13,0,0,0,0,0,0,0,0,0,0,21,2,4,1,2,2,20,11,4.1,8,0
219,unified,off,20,48,41,0.8542,13,11,0.8462,0,20,20,0,0,0,0,0,0,0,1,0,0,0,0,0,0,20,2,1,2,2,2,20,14,3.55,6,3
219,protect_l,left,20,28,41,1.4643,8,11,1.375,10,20,20,0,0,0,0,0,0,0,0,0,0,0,0,0,0,20,2,1,2,2,2,20,14,3.55,2,0
219,protect_s,symmetric,20,24,41,1.7083,7,11,1.5714,17,20,20,0,0,0,0,0,0,0,0,0,0,0,0,0,0,20,2,1,2,2,2,20,14,3.55,2,0
220,unified,off,20,96,93,0.9688,25,24,0.96,0,20,20,0,0,0,0,0,0,0,14,0,0,0,0,0,0,20,1,2,2,2,2,20,8,4.05,11,2
220,protect_l,left,20,88,93,1.0568,23,24,1.0435,25,20,20,0,0,0,0,0,0,0,0,0,0,0,0,0,0,20,1,2,2,2,2,20,8,4.05,9,0
220,protect_s,symmetric,20,76,93,1.2237,20,24,1.2,32,9,9,0,11,0,11,0,0,0,0,0,0,0,0,0,0,20,1,2,2,2,2,20,8,4.05,9,0
221,unified,off,21,168,149,0.8869,43,38,0.8837,0,21,21,0,0,0,0,0,0,0,0,0,0,0,0,0,0,21,2,2,2,2,2,20,12,3.4,14,7
221,protect_l,left,21,132,149,1.1288,34,38,1.1176,50,21,21,0,0,0,0,0,0,0,0,0,0,0,0,0,0,21,2,2,2,2,2,20,12,3.4,7,0
221,protect_s,symmetric,21,72,149,2.0694,19,38,2.0,56,5,5,0,16,0,16,0,0,0,0,0,0,0,0,0,0,21,2,2,2,2,2,20,12,3.4,7,0
222,unified,off,20,168,153,0.9107,43,39,0.907,0,18,18,0,0,2,2,0,0,0,0,0,0,0,0,2,0,18,2,3,4,2,2,20,12,3.95,13,6
222,protect_l,left,20,76,153,2.0132,20,39,1.95,20,5,5,0,13,2,15,0,0,0,0,0,0,0,0,2,0,18,2,3,4,2,2,20,12,3.95,5,0
222,protect_s,symmetric,20,36,153,4.25,10,39,3.9,27,4,4,0,14,2,16,0,0,0,0,0,0,0,0,2,0,18,2,3,4,2,2,20,12,3.95,5,0
223,unified,off,21,156,197,1.2628,40,50,1.25,0,6,6,0,15,0,0,0,0,15,49,0,0,0,0,0,0,21,1,1,2,2,2,20,10,3.85,14,8
223,protect_l,left,21,72,197,2.7361,19,50,2.6316,23,21,21,0,0,0,0,0,0,0,0,0,0,0,0,0,0,21,1,1,2,2,2,20,10,3.85,5,0
223,protect_s,symmetric,21,40,197,4.925,11,50,4.5455,36,18,18,0,3,0,3,0,0,0,0,0,0,0,0,0,0,21,1,1,2,2,2,20,10,3.85,5,0
224,unified,off,21,140,137,0.9786,36,35,0.9722,0,20,20,0,0,1,1,0,0,0,7,0,0,0,0,1,0,20,3,3,3,2,2,20,13,3.8,9,6
224,protect_l,left,21,64,137,2.1406,17,35,2.0588,26,20,20,0,0,1,1,0,0,0,0,0,0,0,0,1,0,20,3,3,3,2,2,20,13,3.8,3,0
224,protect_s,symmetric,21,32,137,4.2812,9,35,3.8889,33,6,6,0,14,1,15,0,0,0,0,0,0,0,0,1,0,20,3,3,3,2,2,20,13,3.8,3,0
225,unified,off,20,88,85,0.9659,23,22,0.9565,0,19,19,0,0,1,1,0,0,0,8,0,0,0,0,1,0,19,5,1,1,2,2,20,17,3.3,8,5
225,protect_l,left,20,72,85,1.1806,19,22,1.1579,57,19,19,0,0,1,1,0,0,0,0,0,0,0,0,1,0,19,5,1,1,2,2,20,17,3.3,3,0
225,protect_s,symmetric,20,36,85,2.3611,10,22,2.2,63,9,9,0,10,1,11,0,0,0,0,0,0,0,0,1,0,19,5,1,1,2,2,20,17,3.3,3,0
226,unified,off,21,188,117,0.6223,48,30,0.625,0,19,19,0,0,2,2,0,0,0,0,0,0,0,0,2,0,19,1,3,2,2,2,20,5,4.05,14,4
226,protect_l,left,21,112,117,1.0446,29,30,1.0345,27,17,17,0,2,2,4,0,0,0,0,0,0,0,0,2,0,19,1,3,2,2,2,20,5,4.05,7,0
226,protect_s,symmetric,21,72,117,1.625,19,30,1.5789,31,9,9,0,10,2,12,0,0,0,0,0,0,0,0,2,0,19,1,3,2,2,2,20,5,4.05,7,0
227,unified,off,21,92,69,0.75,24,18,0.75,0,21,21,0,0,0,0,0,0,0,0,0,0,0,0,0,0,21,2,2,3,2,2,20,8,3.4,10,4
227,protect_l,left,21,60,69,1.15,16,18,1.125,30,21,21,0,0,0,0,0,0,0,0,0,0,0,0,0,0,21,2,2,3,2,2,20,8,3.4,6,0
227,protect_s,symmetric,21,52,69,1.3269,14,18,1.2857,39,21,21,0,0,0,0,0,0,0,0,0,0,0,0,0,0,21,2,2,3,2,2,20,8,3.4,6,0
228,unified,off,20,144,129,0.8958,37,33,0.8919,0,18,18,0,0,2,2,0,0,0,0,0,0,0,0,2,0,18,2,4,1,2,2,20,13,3.7,14,8
228,protect_l,left,20,56,129,2.3036,15,33,2.2,16,17,17,0,1,2,3,0,0,0,0,0,0,0,0,2,0,18,2,4,1,2,2,20,13,3.7,5,0
228,protect_s,symmetric,20,32,129,4.0312,9,33,3.6667,27,15,15,0,3,2,5,0,0,0,0,0,0,0,0,2,0,18,2,4,1,2,2,20,13,3.7,5,0
229,unified,off,21,72,89,1.2361,19,23,1.2105,0,21,21,0,0,0,0,0,0,0,4,0,0,0,0,0,0,21,2,4,1,2,2,20,13,4.1,6,5
229,protect_l,left,21,80,89,1.1125,21,23,1.0952,27,21,21,0,0,0,0,0,0,0,0,0,0,0,0,0,0,21,2,4,1,2,2,20,13,4.1,5,0
229,protect_s,symmetric,21,44,89,2.0227,12,23,1.9167,33,6,6,0,15,0,15,0,0,0,0,0,0,0,0,0,0,21,2,4,1,2,2,20,13,4.1,5,0
230,unified,off,21,208,217,1.0433,53,55,1.0377,0,21,21,0,0,0,0,0,0,0,3,0,0,0,0,0,0,21,3,4,1,2,2,20,15,4.1,15,11
230,protect_l,left,21,148,217,1.4662,38,55,1.4474,53,21,21,0,0,0,0,0,0,0,0,0,0,0,0,0,0,21,3,4,1,2,2,20,15,4.1,5,0
230,protect_s,symmetric,21,76,217,2.8553,20,55,2.75,63,10,10,0,11,0,11,0,0,0,0,0,0,0,0,0,0,21,3,4,1,2,2,20,15,4.1,5,0
231,unified,off,21,128,109,0.8516,33,28,0.8485,0,21,21,0,0,0,0,0,0,0,1,0,0,0,0,0,0,21,2,2,1,2,2,20,11,3.9,13,7
231,protect_l,left,21,80,109,1.3625,21,28,1.3333,23,20,20,0,1,0,1,0,0,0,0,0,0,0,0,0,0,21,2,2,1,2,2,20,11,3.9,6,0
231,protect_s,symmetric,21,32,109,3.4062,9,28,3.1111,30,6,6,0,15,0,15,0,0,0,0,0,0,0,0,0,0,21,2,2,1,2,2,20,11,3.9,6,0
232,unified,off,21,56,61,1.0893,15,16,1.0667,0,21,21,0,0,0,0,0,0,0,0,0,0,0,0,0,0,21,1,1,1,2,2,20,9,4.25,10,5
232,protect_l,left,21,60,61,1.0167,16,16,1.0,33,21,21,0,0,0,0,0,0,0,0,0,0,0,0,0,0,21,1,1,1,2,2,20,9,4.25,6,0
232,protect_s,symmetric,21,60,61,1.0167,16,16,1.0,40,21,21,0,0,0,0,0,0,0,0,0,0,0,0,0,0,21,1,1,1,2,2,20,9,4.25,6,0
233,unified,off,20,80,65,0.8125,21,17,0.8095,0,20,20,0,0,0,0,0,0,0,0,0,0,0,0,0,0,20,1,1,4,2,2,20,7,4.15,10,2
233,protect_l,left,20,80,65,0.8125,21,17,0.8095,17,20,20,0,0,0,0,0,0,0,0,0,0,0,0,0,0,20,1,1,4,2,2,20,7,4.15,9,0
233,protect_s,symmetric,20,64,65,1.0156,17,17,1.0,24,20,20,0,0,0,0,0,0,0,0,0,0,0,0,0,0,20,1,1,4,2,2,20,7,4.15,9,0
234,unified,off,21,308,321,1.0422,78,81,1.0385,0,10,10,0,10,1,11,0,0,0,10,0,0,0,0,1,0,20,3,3,2,2,2,20,13,3.35,17,12
234,protect_l,left,21,176,321,1.8239,45,81,1.8,35,11,11,0,9,1,10,0,0,0,0,0,0,0,0,1,0,20,3,3,2,2,2,20,13,3.35,5,0
234,protect_s,symmetric,21,48,321,6.6875,13,81,6.2308,42,2,2,0,18,1,19,0,0,0,0,0,0,0,0,1,0,20,3,3,2,2,2,20,13,3.35,5,0
235,unified,off,21,80,153,1.9125,21,39,1.8571,0,14,14,0,7,0,0,0,0,7,14,0,0,0,0,0,0,21,1,2,4,2,2,20,9,3.85,7,2
235,protect_l,left,21,84,153,1.8214,22,39,1.7727,34,21,21,0,0,0,0,0,0,0,0,0,0,0,0,0,0,21,1,2,4,2,2,20,9,3.85,7,0
235,protect_s,symmetric,21,72,153,2.125,19,39,2.0526,38,8,8,0,13,0,13,0,0,0,0,0,0,0,0,0,0,21,1,2,4,2,2,20,9,3.85,7,0
236,unified,off,21,140,137,0.9786,36,35,0.9722,0,18,18,0,2,1,3,0,0,0,0,0,0,0,0,1,0,20,1,1,5,2,2,20,9,3.85,14,6
236,protect_l,left,21,104,137,1.3173,27,35,1.2963,40,18,18,0,2,1,3,0,0,0,0,0,0,0,0,1,0,20,1,1,5,2,2,20,9,3.85,10,0
236,protect_s,symmetric,21,84,137,1.631,22,35,1.5909,47,7,7,0,13,1,14,0,0,0,0,0,0,0,0,1,0,20,1,1,5,2,2,20,9,3.85,10,0
237,unified,off,21,136,137,1.0074,35,35,1.0,0,13,13,0,5,3,3,0,0,5,11,0,0,0,0,3,0,18,2,1,1,2,2,20,11,4.05,15,9
237,protect_l,left,21,60,137,2.2833,16,35,2.1875,15,18,18,0,0,3,3,0,0,0,0,0,0,0,0,3,0,18,2,1,1,2,2,20,11,4.05,4,0
237,protect_s,symmetric,21,32,137,4.2812,9,35,3.8889,25,11,11,0,7,3,10,0,0,0,0,0,0,0,0,3,0,18,2,1,1,2,2,20,11,4.05,4,0
238,unified,off,21,132,121,0.9167,34,31,0.9118,0,21,21,0,0,0,0,0,0,0,1,0,0,0,0,0,0,21,1,3,1,2,2,20,9,4.35,13,5
238,protect_l,left,21,88,121,1.375,23,31,1.3478,20,20,20,0,1,0,1,0,0,0,0,0,0,0,0,0,0,21,1,3,1,2,2,20,9,4.35,8,0
238,protect_s,symmetric,21,52,121,2.3269,14,31,2.2143,25,8,8,0,13,0,13,0,0,0,0,0,0,0,0,0,0,21,1,3,1,2,2,20,9,4.35,8,0
239,unified,off,20,188,157,0.8351,48,40,0.8333,0,19,19,0,0,1,1,0,0,0,6,0,0,0,0,1,0,19,2,2,1,2,2,20,10,3.65,15,8
239,protect_l,left,20,120,157,1.3083,31,40,1.2903,41,17,17,0,2,1,3,0,0,0,0,0,0,0,0,1,0,19,2,2,1,2,2,20,10,3.65,6,0
239,protect_s,symmetric,20,64,157,2.4531,17,40,2.3529,65,11,11,0,8,1,9,0,0,0,0,0,0,0,0,1,0,19,2,2,1,2,2,20,10,3.65,6,0
240,unified,off,21,260,245,0.9423,66,62,0.9394,0,19,19,0,0,2,2,0,0,0,0,0,0,0,0,2,0,19,3,1,4,2,2,20,12,3.65,14,7
240,protect_l,left,21,144,245,1.7014,37,62,1.6757,42,19,19,0,0,2,2,0,0,0,0,0,0,0,0,2,0,19,3,1,4,2,2,20,12,3.65,7,0
240,protect_s,symmetric,21,68,245,3.6029,18,62,3.4444,49,7,7,0,12,2,14,0,0,0,0,0,0,0,0,2,0,19,3,1,4,2,2,20,12,3.65,7,0
241,unified,off,21,112,89,0.7946,29,23,0.7931,0,21,21,0,0,0,0,0,0,0,0,0,0,0,0,0,0,21,2,2,3,2,2,20,11,3.45,12,4
241,protect_l,left,21,104,89,0.8558,27,23,0.8519,52,21,21,0,0,0,0,0,0,0,0,0,0,0,0,0,0,21,2,2,3,2,2,20,11,3.45,8,0
241,protect_s,symmetric,21,76,89,1.1711,20,23,1.15,60,6,6,0,15,0,15,0,0,0,0,0,0,0,0,0,0,21,2,2,3,2,2,20,11,3.45,8,0
242,unified,off,21,76,85,1.1184,20,22,1.1,0,14,14,0,7,0,0,0,0,7,14,0,0,0,0,0,0,21,2,1,1,2,2,20,10,3.5,11,4
242,protect_l,left,21,60,85,1.4167,16,22,1.375,32,21,21,0,0,0,0,0,0,0,0,0,0,0,0,0,0,21,2,1,1,2,2,20,10,3.5,7,0
242,protect_s,symmetric,21,88,85,0.9659,23,22,0.9565,48,18,18,0,3,0,3,0,0,0,0,0,0,0,0,0,0,21,2,1,1,2,2,20,10,3.5,7,0
243,unified,off,20,104,93,0.8942,27,24,0.8889,0,20,20,0,0,0,0,0,0,0,0,0,0,0,0,0,0,20,1,4,1,2,2,20,7,3.65,10,2
243,protect_l,left,20,88,93,1.0568,23,24,1.0435,40,20,20,0,0,0,0,0,0,0,0,0,0,0,0,0,0,20,1,4,1,2,2,20,7,3.65,8,0
243,protect_s,symmetric,20,68,93,1.3676,18,24,1.3333,49,12,12,0,8,0,8,0,0,0,0,0,0,0,0,0,0,20,1,4,1,2,2,20,7,3.65,8,0
244,unified,off,21,172,161,0.936,44,41,0.9318,0,21,21,0,0,0,0,0,0,0,12,0,0,0,0,0,0,21,2,4,2,2,2,20,14,4.05,15,11
244,protect_l,left,21,60,161,2.6833,16,41,2.5625,20,11,11,0,10,0,10,0,0,0,0,0,0,0,0,0,0,21,2,4,2,2,2,20,14,4.05,4,0
244,protect_s,symmetric,21,32,161,5.0312,9,41,4.5556,24,3,3,0,18,0,18,0,0,0,0,0,0,0,0,0,0,21,2,4,2,2,2,20,14,4.05,4,0
245,unified,off,21,124,137,1.1048,32,35,1.0938,0,21,21,0,0,0,0,0,0,0,0,0,0,0,0,0,0,21,1,2,2,2,2,20,9,3.85,11,5
245,protect_l,left,21,96,137,1.4271,25,35,1.4,31,13,13,0,8,0,8,0,0,0,0,0,0,0,0,0,0,21,1,2,2,2,2,20,9,3.85,9,0
245,protect_s,symmetric,21,92,137,1.4891,24,35,1.4583,40,9,9,0,12,0,12,0,0,0,0,0,0,0,0,0,0,21,1,2,2,2,2,20,9,3.85,9,0
246,unified,off,20,52,45,0.8654,14,12,0.8571,0,20,20,0,0,0,0,0,0,0,0,0,0,0,0,0,0,20,1,1,3,2,2,20,8,4.1,8,4
246,protect_l,left,20,40,45,1.125,11,12,1.0909,12,20,20,0,0,0,0,0,0,0,0,0,0,0,0,0,0,20,1,1,3,2,2,20,8,4.1,5,0
246,protect_s,symmetric,20,36,45,1.25,10,12,1.2,26,11,11,0,9,0,9,0,0,0,0,0,0,0,0,0,0,20,1,1,3,2,2,20,8,4.1,5,0
247,unified,off,21,240,205,0.8542,61,52,0.8525,0,19,19,0,2,0,2,0,0,0,13,0,0,0,0,0,0,21,1,2,3,2,2,20,6,3.7,18,5
247,protect_l,left,21,164,205,1.25,42,52,1.2381,59,17,17,0,4,0,4,0,0,0,0,0,0,0,0,0,0,21,1,2,3,2,2,20,6,3.7,12,0
247,protect_s,symmetric,21,156,205,1.3141,40,52,1.3,74,14,14,0,7,0,7,0,0,0,0,0,0,0,0,0,0,21,1,2,3,2,2,20,6,3.7,12,0
248,unified,off,21,168,117,0.6964,43,30,0.6977,0,21,21,0,0,0,0,0,0,0,0,0,0,0,0,0,0,21,1,2,4,2,2,20,8,3.7,17,7
248,protect_l,left,21,140,117,0.8357,36,30,0.8333,59,19,19,0,2,0,2,0,0,0,0,0,0,0,0,0,0,21,1,2,4,2,2,20,8,3.7,10,0
248,protect_s,symmetric,21,120,117,0.975,31,30,0.9677,64,11,11,0,10,0,10,0,0,0,0,0,0,0,0,0,0,21,1,2,4,2,2,20,8,3.7,10,0
249,unified,off,21,64,117,1.8281,17,30,1.7647,0,11,11,0,10,0,0,0,0,10,21,0,0,0,0,0,0,21,1,3,3,2,2,20,7,4.2,8,2
249,protect_l,left,21,108,117,1.0833,28,30,1.0714,39,15,15,0,6,0,6,0,0,0,0,0,0,0,0,0,0,21,1,3,3,2,2,20,7,4.2,7,0
249,protect_s,symmetric,21,100,117,1.17,26,30,1.1538,45,10,10,0,11,0,11,0,0,0,0,0,0,0,0,0,0,21,1,3,3,2,2,20,7,4.2,7,0
250,unified,off,21,248,229,0.9234,63,58,0.9206,0,21,21,0,0,0,0,0,0,0,3,0,0,0,0,0,0,21,1,2,3,2,2,20,8,3.6,19,7
250,protect_l,left,21,212,229,1.0802,54,58,1.0741,41,20,20,0,1,0,1,0,0,0,0,0,0,0,0,0,0,21,1,2,3,2,2,20,8,3.6,12,0
250,protect_s,symmetric,21,152,229,1.5066,39,58,1.4872,49,9,9,0,12,0,12,0,0,0,0,0,0,0,0,0,0,21,1,2,3,2,2,20,8,3.6,12,0
251,unified,off,21,88,73,0.8295,23,19,0.8261,0,21,21,0,0,0,0,0,0,0,0,0,0,0,0,0,0,21,4,2,4,2,2,20,17,3.85,8,6
251,protect_l,left,21,56,73,1.3036,15,19,1.2667,11,19,19,0,2,0,2,0,0,0,0,0,0,0,0,0,0,21,4,2,4,2,2,20,17,3.85,3,0
251,protect_s,symmetric,21,24,73,3.0417,7,19,2.7143,14,2,2,0,19,0,19,0,0,0,0,0,0,0,0,0,0,21,4,2,4,2,2,20,17,3.85,3,0
252,unified,off,21,152,145,0.9539,39,37,0.9487,0,21,21,0,0,0,0,0,0,0,7,0,0,0,0,0,0,21,1,3,3,2,2,20,6,3.5,14,4
252,protect_l,left,21,152,145,0.9539,39,37,0.9487,62,21,21,0,0,0,0,0,0,0,0,0,0,0,0,0,0,21,1,3,3,2,2,20,6,3.5,11,0
252,protect_s,symmetric,21,144,145,1.0069,37,37,1.0,71,14,14,0,7,0,7,0,0,0,0,0,0,0,0,0,0,21,1,3,3,2,2,20,6,3.5,11,0
253,unified,off,21,92,97,1.0543,24,25,1.0417,0,21,21,0,0,0,0,0,0,0,0,0,0,0,0,0,0,21,2,4,1,2,2,20,14,3.9,8,4
253,protect_l,left,21,56,97,1.7321,15,25,1.6667,24,21,21,0,0,0,0,0,0,0,0,0,0,0,0,0,0,21,2,4,1,2,2,20,14,3.9,4,0
253,protect_s,symmetric,21,32,97,3.0312,9,25,2.7778,37,11,11,0,10,0,10,0,0,0,0,0,0,0,0,0,0,21,2,4,1,2,2,20,14,3.9,4,0
254,unified,off,21,104,97,0.9327,27,25,0.9259,0,21,21,0,0,0,0,0,0,0,0,0,0,0,0,0,0,21,1,4,1,2,2,20,9,3.8,10,6
254,protect_l,left,21,44,97,2.2045,12,25,2.0833,28,21,21,0,0,0,0,0,0,0,0,0,0,0,0,0,0,21,1,4,1,2,2,20,9,3.8,4,0
254,protect_s,symmetric,21,36,97,2.6944,10,25,2.5,49,17,17,0,4,0,4,0,0,0,0,0,0,0,0,0,0,21,1,4,1,2,2,20,9,3.8,4,0
255,unified,off,19,32,33,1.0312,9,9,1.0,0,19,19,0,0,0,0,0,0,0,0,0,0,0,0,0,0,19,1,3,2,2,2,20,5,4.55,4,0
255,protect_l,left,19,32,33,1.0312,9,9,1.0,1,19,19,0,0,0,0,0,0,0,0,0,0,0,0,0,0,19,1,3,2,2,2,20,5,4.55,4,0
255,protect_s,symmetric,19,28,33,1.1786,8,9,1.125,9,14,14,0,5,0,5,0,0,0,0,0,0,0,0,0,0,19,1,3,2,2,2,20,5,4.55,4,0
256,unified,off,21,68,69,1.0147,18,18,1.0,0,21,21,0,0,0,0,0,0,0,1,0,0,0,0,0,0,21,1,2,3,2,2,20,3,3.45,11,2
256,protect_l,left,21,120,69,0.575,31,18,0.5806,13,21,21,0,0,0,0,0,0,0,0,0,0,0,0,0,0,21,1,2,3,2,2,20,3,3.45,13,0
256,protect_s,symmetric,21,108,69,0.6389,28,18,0.6429,22,14,14,0,7,0,7,0,0,0,0,0,0,0,0,0,0,21,1,2,3,2,2,20,3,3.45,13,0
257,unified,off,21,172,149,0.8663,44,38,0.8636,0,21,21,0,0,0,0,0,0,0,0,0,0,0,0,0,0,21,2,2,1,2,2,20,11,3.95,15,8
257,protect_l,left,21,116,149,1.2845,30,38,1.2667,54,21,21,0,0,0,0,0,0,0,0,0,0,0,0,0,0,21,2,2,1,2,2,20,11,3.95,7,0
257,protect_s,symmetric,21,68,149,2.1912,18,38,2.1111,67,15,15,0,6,0,6,0,0,0,0,0,0,0,0,0,0,21,2,2,1,2,2,20,11,3.95,7,0
258,unified,off,21,56,41,0.7321,15,11,0.7333,0,21,21,0,0,0,0,0,0,0,0,0,0,0,0,0,0,21,1,1,3,2,2,20,7,3.55,10,1
258,protect_l,left,21,36,41,1.1389,10,11,1.1,7,21,21,0,0,0,0,0,0,0,0,0,0,0,0,0,0,21,1,1,3,2,2,20,7,3.55,5,0
258,protect_s,symmetric,21,36,41,1.1389,10,11,1.1,15,21,21,0,0,0,0,0,0,0,0,0,0,0,0,0,0,21,1,1,3,2,2,20,7,3.55,5,0
259,unified,off,21,104,121,1.1635,27,31,1.1481,0,5,5,0,16,0,0,0,0,16,36,0,0,0,0,0,0,21,1,2,2,2,2,20,5,4.25,10,3
259,protect_l,left,21,128,121,0.9453,33,31,0.9394,18,19,19,0,2,0,2,0,0,0,0,0,0,0,0,0,0,21,1,2,2,2,2,20,5,4.25,10,0
259,protect_s,symmetric,21,96,121,1.2604,25,31,1.24,28,13,13,0,8,0,8,0,0,0,0,0,0,0,0,0,0,21,1,2,2,2,2,20,5,4.25,10,0
260,unified,off,21,160,213,1.3313,41,54,1.3171,0,21,21,0,0,0,0,0,0,0,2,0,0,0,0,0,0,21,2,1,2,2,2,20,10,3.75,12,6
260,protect_l,left,21,104,213,2.0481,27,54,2.0,24,18,18,0,3,0,3,0,0,0,0,0,0,0,0,0,0,21,2,1,2,2,2,20,10,3.75,5,0
260,protect_s,symmetric,21,40,213,5.325,11,54,4.9091,36,8,8,0,13,0,13,0,0,0,0,0,0,0,0,0,0,21,2,1,2,2,2,20,10,3.75,5,0
261,unified,off,21,196,257,1.3112,50,65,1.3,0,3,3,0,18,0,0,0,0,18,41,0,0,0,0,0,0,21,1,2,3,2,2,20,9,3.65,14,5
261,protect_l,left,21,188,257,1.367,48,65,1.3542,76,21,21,0,0,0,0,0,0,0,0,0,0,0,0,0,0,21,1,2,3,2,2,20,9,3.65,10,0
261,protect_s,symmetric,21,156,257,1.6474,40,65,1.625,83,10,10,0,11,0,11,0,0,0,0,0,0,0,0,0,0,21,1,2,3,2,2,20,9,3.65,10,0
262,unified,off,20,144,137,0.9514,37,35,0.9459,0,17,17,0,0,3,3,0,0,0,7,0,0,0,0,3,0,17,2,2,1,2,2,20,10,4.05,12,7
262,protect_l,left,20,120,137,1.1417,31,35,1.129,25,17,17,0,0,3,3,0,0,0,0,0,0,0,0,3,0,17,2,2,1,2,2,20,10,4.05,8,0
262,protect_s,symmetric,20,84,137,1.631,22,35,1.5909,32,7,7,0,10,3,13,0,0,0,0,0,0,0,0,3,0,17,2,2,1,2,2,20,10,4.05,8,0
263,unified,off,21,108,85,0.787,28,22,0.7857,0,21,21,0,0,0,0,0,0,0,1,0,0,0,0,0,0,21,2,1,2,2,2,20,13,3.55,10,7
263,protect_l,left,21,64,85,1.3281,17,22,1.2941,33,21,21,0,0,0,0,0,0,0,0,0,0,0,0,0,0,21,2,1,2,2,2,20,13,3.55,3,0
263,protect_s,symmetric,21,36,85,2.3611,10,22,2.2,49,14,14,0,7,0,7,0,0,0,0,0,0,0,0,0,0,21,2,1,2,2,2,20,13,3.55,3,0
264,unified,off,21,108,105,0.9722,28,27,0.9643,0,21,21,0,0,0,0,0,0,0,7,0,0,0,0,0,0,21,3,1,2,2,2,20,13,3.55,9,7
264,protect_l,left,21,84,105,1.25,22,27,1.2273,24,16,16,0,5,0,5,0,0,0,0,0,0,0,0,0,0,21,3,1,2,2,2,20,13,3.55,3,0
264,protect_s,symmetric,21,28,105,3.75,8,27,3.375,30,4,4,0,17,0,17,0,0,0,0,0,0,0,0,0,0,21,3,1,2,2,2,20,13,3.55,3,0
265,unified,off,21,140,105,0.75,36,27,0.75,0,20,20,0,0,1,1,0,0,0,0,0,0,0,0,1,0,20,1,2,2,2,2,20,7,4.15,11,4
265,protect_l,left,21,108,105,0.9722,28,27,0.9643,37,20,20,0,0,1,1,0,0,0,0,0,0,0,0,1,0,20,1,2,2,2,2,20,7,4.15,8,0
265,protect_s,symmetric,21,80,105,1.3125,21,27,1.2857,44,12,12,0,8,1,9,0,0,0,0,0,0,0,0,1,0,20,1,2,2,2,2,20,7,4.15,8,0
266,unified,off,19,124,85,0.6855,32,22,0.6875,0,1,1,0,18,0,0,0,0,18,45,0,0,0,0,0,0,19,2,2,3,2,2,20,12,3.65,9,8
266,protect_l,left,19,80,85,1.0625,21,22,1.0476,32,18,18,0,1,0,1,0,0,0,0,0,0,0,0,0,0,19,2,2,3,2,2,20,12,3.65,4,0
266,protect_s,symmetric,19,32,85,2.6562,9,22,2.4444,38,7,7,0,12,0,12,0,0,0,0,0,0,0,0,0,0,19,2,2,3,2,2,20,12,3.65,4,0
267,unified,off,21,220,185,0.8409,56,47,0.8393,0,7,7,0,14,0,0,0,0,14,32,0,0,0,0,0,0,21,1,3,3,2,2,20,9,3.65,16,7
267,protect_l,left,21,132,185,1.4015,34,47,1.3824,41,19,19,0,2,0,2,0,0,0,0,0,0,0,0,0,0,21,1,3,3,2,2,20,9,3.65,10,0
267,protect_s,symmetric,21,88,185,2.1023,23,47,2.0435,54,13,13,0,8,0,8,0,0,0,0,0,0,0,0,0,0,21,1,3,3,2,2,20,9,3.65,10,0
268,unified,off,21,100,61,0.61,26,16,0.6154,0,10,10,0,3,8,11,0,0,0,3,0,0,0,0,8,0,13,1,2,3,2,2,20,8,4.05,14,5
268,protect_l,left,21,92,61,0.663,24,16,0.6667,24,13,13,0,0,8,8,0,0,0,0,0,0,0,0,8,0,13,1,2,3,2,2,20,8,4.05,10,0
268,protect_s,symmetric,21,92,61,0.663,24,16,0.6667,28,13,13,0,0,8,8,0,0,0,0,0,0,0,0,8,0,13,1,2,3,2,2,20,8,4.05,10,0
269,unified,off,21,84,81,0.9643,22,21,0.9545,0,21,21,0,0,0,0,0,0,0,0,0,0,0,0,0,0,21,1,4,2,2,2,20,7,3.9,11,3
269,protect_l,left,21,72,81,1.125,19,21,1.1053,26,21,21,0,0,0,0,0,0,0,0,0,0,0,0,0,0,21,1,4,2,2,2,20,7,3.9,9,0
269,protect_s,symmetric,21,64,81,1.2656,17,21,1.2353,31,13,13,0,8,0,8,0,0,0,0,0,0,0,0,0,0,21,1,4,2,2,2,20,7,3.9,9,0
270,unified,off,21,200,181,0.905,51,46,0.902,0,21,21,0,0,0,0,0,0,0,6,0,0,0,0,0,0,21,1,4,1,2,2,20,9,4.2,16,7
270,protect_l,left,21,120,181,1.5083,31,46,1.4839,34,21,21,0,0,0,0,0,0,0,0,0,0,0,0,0,0,21,1,4,1,2,2,20,9,4.2,9,0
270,protect_s,symmetric,21,84,181,2.1548,22,46,2.0909,41,9,9,0,12,0,12,0,0,0,0,0,0,0,0,0,0,21,1,4,1,2,2,20,9,4.2,9,0
271,unified,off,21,92,73,0.7935,24,19,0.7917,0,21,21,0,0,0,0,0,0,0,0,0,0,0,0,0,0,21,1,6,1,2,2,20,7,3.8,13,4
271,protect_l,left,21,96,73,0.7604,25,19,0.76,40,21,21,0,0,0,0,0,0,0,0,0,0,0,0,0,0,21,1,6,1,2,2,20,7,3.8,11,0
271,protect_s,symmetric,21,84,73,0.869,22,19,0.8636,47,9,9,0,12,0,12,0,0,0,0,0,0,0,0,0,0,21,1,6,1,2,2,20,7,3.8,11,0
272,unified,off,20,160,133,0.8313,41,34,0.8293,0,7,7,0,12,1,1,0,0,12,25,0,0,0,0,1,0,19,2,3,2,2,2,20,12,4.2,15,8
272,protect_l,left,20,104,133,1.2788,27,34,1.2593,27,18,18,0,1,1,2,0,0,0,0,0,0,0,0,1,0,19,2,3,2,2,2,20,12,4.2,7,0
272,protect_s,symmetric,20,60,133,2.2167,16,34,2.125,34,5,5,0,14,1,15,0,0,0,0,0,0,0,0,1,0,19,2,3,2,2,2,20,12,4.2,7,0
273,unified,off,21,156,137,0.8782,40,35,0.875,0,21,21,0,0,0,0,0,0,0,0,0,0,0,0,0,0,21,1,2,4,2,2,20,10,3.85,15,8
273,protect_l,left,21,108,137,1.2685,28,35,1.25,45,21,21,0,0,0,0,0,0,0,0,0,0,0,0,0,0,21,1,2,4,2,2,20,10,3.85,8,0
273,protect_s,symmetric,21,88,137,1.5568,23,35,1.5217,63,18,18,0,3,0,3,0,0,0,0,0,0,0,0,0,0,21,1,2,4,2,2,20,10,3.85,8,0
274,unified,off,21,68,53,0.7794,18,14,0.7778,0,21,21,0,0,0,0,0,0,0,0,0,0,0,0,0,0,21,1,3,4,2,2,20,6,3.25,8,1
274,protect_l,left,21,64,53,0.8281,17,14,0.8235,9,21,21,0,0,0,0,0,0,0,0,0,0,0,0,0,0,21,1,3,4,2,2,20,6,3.25,7,0
274,protect_s,symmetric,21,48,53,1.1042,13,14,1.0769,16,13,13,0,8,0,8,0,0,0,0,0,0,0,0,0,0,21,1,3,4,2,2,20,6,3.25,7,0
275,unified,off,20,80,73,0.9125,21,19,0.9048,0,20,20,0,0,0,0,0,0,0,0,0,0,0,0,0,0,20,1,1,3,2,2,20,5,3.6,10,0
275,protect_l,left,20,80,73,0.9125,21,19,0.9048,8,20,20,0,0,0,0,0,0,0,0,0,0,0,0,0,0,20,1,1,3,2,2,20,5,3.6,10,0
275,protect_s,symmetric,20,68,73,1.0735,18,19,1.0556,17,14,14,0,6,0,6,0,0,0,0,0,0,0,0,0,0,20,1,1,3,2,2,20,5,3.6,10,0
276,unified,off,21,120,117,0.975,31,30,0.9677,0,18,18,0,0,3,3,0,0,0,3,0,0,0,0,3,0,18,2,2,1,2,2,20,14,3.7,11,7
276,protect_l,left,21,68,117,1.7206,18,30,1.6667,27,18,18,0,0,3,3,0,0,0,0,0,0,0,0,3,0,18,2,2,1,2,2,20,14,3.7,5,0
276,protect_s,symmetric,21,32,117,3.6562,9,30,3.3333,33,5,5,0,13,3,16,0,0,0,0,0,0,0,0,3,0,18,2,2,1,2,2,20,14,3.7,5,0
277,unified,off,19,116,121,1.0431,30,31,1.0333,0,19,19,0,0,0,0,0,0,0,2,0,0,0,0,0,0,19,3,3,1,2,2,20,15,4.15,9,4
277,protect_l,left,19,76,121,1.5921,20,31,1.55,22,19,19,0,0,0,0,0,0,0,0,0,0,0,0,0,0,19,3,3,1,2,2,20,15,4.15,4,0
277,protect_s,symmetric,19,48,121,2.5208,13,31,2.3846,42,18,18,0,1,0,1,0,0,0,0,0,0,0,0,0,0,19,3,3,1,2,2,20,15,4.15,4,0
278,unified,off,21,184,101,0.5489,47,26,0.5532,0,17,17,0,0,4,4,0,0,0,5,0,0,0,0,4,0,17,2,4,2,2,2,20,11,3.8,16,9
278,protect_l,left,21,64,101,1.5781,17,26,1.5294,14,14,14,0,3,4,7,0,0,0,0,0,0,0,0,4,0,17,2,4,2,2,2,20,11,3.8,3,0
278,protect_s,symmetric,21,20,101,5.05,6,26,4.3333,19,4,4,0,13,4,17,0,0,0,0,0,0,0,0,4,0,17,2,4,2,2,2,20,11,3.8,3,0
279,unified,off,20,32,17,0.5312,9,5,0.5556,0,20,20,0,0,0,0,0,0,0,0,0,0,0,0,0,0,20,2,1,2,2,2,20,11,3.95,3,1
279,protect_l,left,20,28,17,0.6071,8,5,0.625,7,20,20,0,0,0,0,0,0,0,0,0,0,0,0,0,0,20,2,1,2,2,2,20,11,3.95,2,0
279,protect_s,symmetric,20,24,17,0.7083,7,5,0.7143,13,20,20,0,0,0,0,0,0,0,0,0,0,0,0,0,0,20,2,1,2,2,2,20,11,3.95,2,0
280,unified,off,20,76,93,1.2237,20,24,1.2,0,20,20,0,0,0,0,0,0,0,0,0,0,0,0,0,0,20,1,2,3,2,2,20,7,4.05,9,3
280,protect_l,left,20,64,93,1.4531,17,24,1.4118,6,20,20,0,0,0,0,0,0,0,0,0,0,0,0,0,0,20,1,2,3,2,2,20,7,4.05,6,0
280,protect_s,symmetric,20,40,93,2.325,11,24,2.1818,11,10,10,0,10,0,10,0,0,0,0,0,0,0,0,0,0,20,1,2,3,2,2,20,7,4.05,6,0
281,unified,off,21,112,97,0.8661,29,25,0.8621,0,21,21,0,0,0,0,0,0,0,0,0,0,0,0,0,0,21,1,3,1,2,2,20,7,3.2,12,4
281,protect_l,left,21,72,97,1.3472,19,25,1.3158,26,21,21,0,0,0,0,0,0,0,0,0,0,0,0,0,0,21,1,3,1,2,2,20,7,3.2,7,0
281,protect_s,symmetric,21,64,97,1.5156,17,25,1.4706,35,21,21,0,0,0,0,0,0,0,0,0,0,0,0,0,0,21,1,3,1,2,2,20,7,3.2,7,0
282,unified,off,21,116,137,1.181,30,35,1.1667,0,6,6,0,15,0,0,0,0,15,30,0,0,0,0,0,0,21,1,4,1,2,2,20,10,3.7,10,4
282,protect_l,left,21,80,137,1.7125,21,35,1.6667,18,21,21,0,0,0,0,0,0,0,0,0,0,0,0,0,0,21,1,4,1,2,2,20,10,3.7,6,0
282,protect_s,symmetric,21,40,137,3.425,11,35,3.1818,26,9,9,0,12,0,12,0,0,0,0,0,0,0,0,0,0,21,1,4,1,2,2,20,10,3.7,6,0
283,unified,off,21,52,65,1.25,14,17,1.2143,0,21,21,0,0,0,0,0,0,0,0,0,0,0,0,0,0,21,1,2,1,2,2,20,7,4.15,8,1
283,protect_l,left,21,48,65,1.3542,13,17,1.3077,17,21,21,0,0,0,0,0,0,0,0,0,0,0,0,0,0,21,1,2,1,2,2,20,7,4.15,7,0
283,protect_s,symmetric,21,36,65,1.8056,10,17,1.7,23,10,10,0,11,0,11,0,0,0,0,0,0,0,0,0,0,21,1,2,1,2,2,20,7,4.15,7,0
284,unified,off,21,64,57,0.8906,17,15,0.8824,0,21,21,0,0,0,0,0,0,0,17,0,0,0,0,0,0,21,2,1,1,2,2,20,12,4.0,8,4
284,protect_l,left,21,52,57,1.0962,14,15,1.0714,30,21,21,0,0,0,0,0,0,0,0,0,0,0,0,0,0,21,2,1,1,2,2,20,12,4.0,4,0
284,protect_s,symmetric,21,44,57,1.2955,12,15,1.25,43,21,21,0,0,0,0,0,0,0,0,0,0,0,0,0,0,21,2,1,1,2,2,20,12,4.0,4,0
285,unified,off,21,96,101,1.0521,25,26,1.04,0,10,10,0,11,0,0,0,0,11,26,0,0,0,0,0,0,21,2,1,4,2,2,20,10,3.9,12,7
285,protect_l,left,21,40,101,2.525,11,26,2.3636,23,11,11,0,10,0,10,0,0,0,0,0,0,0,0,0,0,21,2,1,4,2,2,20,10,3.9,3,0
285,protect_s,symmetric,21,36,101,2.8056,10,26,2.6,43,16,16,0,5,0,5,0,0,0,0,0,0,0,0,0,0,21,2,1,4,2,2,20,10,3.9,3,0
286,unified,off,21,144,193,1.3403,37,49,1.3243,0,10,10,0,11,0,0,0,0,11,26,0,0,0,0,0,0,21,3,1,2,2,2,20,12,3.5,11,5
286,protect_l,left,21,104,193,1.8558,27,49,1.8148,20,21,21,0,0,0,0,0,0,0,0,0,0,0,0,0,0,21,3,1,2,2,2,20,12,3.5,4,0
286,protect_s,symmetric,21,48,193,4.0208,13,49,3.7692,39,8,8,0,13,0,13,0,0,0,0,0,0,0,0,0,0,21,3,1,2,2,2,20,12,3.5,4,0
287,unified,off,20,80,81,1.0125,21,21,1.0,0,18,18,0,0,2,2,0,0,0,0,0,0,0,0,2,0,18,1,1,4,2,2,20,7,3.7,9,3
287,protect_l,left,20,68,81,1.1912,18,21,1.1667,21,18,18,0,0,2,2,0,0,0,0,0,0,0,0,2,0,18,1,1,4,2,2,20,7,3.7,6,0
287,protect_s,symmetric,20,52,81,1.5577,14,21,1.5,27,10,10,0,8,2,10,0,0,0,0,0,0,0,0,2,0,18,1,1,4,2,2,20,7,3.7,6,0
288,unified,off,21,132,129,0.9773,34,33,0.9706,0,21,21,0,0,0,0,0,0,0,0,0,0,0,0,0,0,21,2,2,3,2,2,20,10,3.45,12,4
288,protect_l,left,21,100,129,1.29,26,33,1.2692,35,21,21,0,0,0,0,0,0,0,0,0,0,0,0,0,0,21,2,2,3,2,2,20,10,3.45,8,0
288,protect_s,symmetric,21,72,129,1.7917,19,33,1.7368,49,11,11,0,10,0,10,0,0,0,0,0,0,0,0,0,0,21,2,2,3,2,2,20,10,3.45,8,0
289,unified,off,20,248,241,0.9718,63,61,0.9683,0,3,3,0,17,0,0,0,0,17,37,0,0,0,0,0,0,20,2,2,2,2,2,20,13,3.7,13,8
289,protect_l,left,20,144,241,1.6736,37,61,1.6486,29,16,16,0,4,0,4,0,0,0,0,0,0,0,0,0,0,20,2,2,2,2,2,20,13,3.7,5,0
289,protect_s,symmetric,20,40,241,6.025,11,61,5.5455,34,3,3,0,17,0,17,0,0,0,0,0,0,0,0,0,0,20,2,2,2,2,2,20,13,3.7,5,0
290,unified,off,20,184,197,1.0707,47,50,1.0638,0,2,2,0,18,0,0,0,0,18,36,0,0,0,0,0,0,20,1,4,3,2,2,20,7,3.55,13,5
290,protect_l,left,20,56,197,3.5179,15,50,3.3333,11,6,6,0,14,0,14,0,0,0,0,0,0,0,0,0,0,20,1,4,3,2,2,20,7,3.55,6,0
290,protect_s,symmetric,20,44,197,4.4773,12,50,4.1667,17,4,4,0,16,0,16,0,0,0,0,0,0,0,0,0,0,20,1,4,3,2,2,20,7,3.55,6,0
291,unified,off,20,276,161,0.5833,70,41,0.5857,0,19,19,0,0,1,1,0,0,0,0,0,0,0,0,1,0,19,2,4,2,2,2,20,12,3.6,15,9
291,protect_l,left,20,108,161,1.4907,28,41,1.4643,41,18,18,0,1,1,2,0,0,0,0,0,0,0,0,1,0,19,2,4,2,2,2,20,12,3.6,5,0
291,protect_s,symmetric,20,40,161,4.025,11,41,3.7273,48,3,3,0,16,1,17,0,0,0,0,0,0,0,0,1,0,19,2,4,2,2,2,20,12,3.6,5,0
292,unified,off,21,148,113,0.7635,38,29,0.7632,0,20,20,0,0,1,1,0,0,0,0,0,0,0,0,1,0,20,1,4,1,2,2,20,8,4.0,14,5
292,protect_l,left,21,136,113,0.8309,35,29,0.8286,64,20,20,0,0,1,1,0,0,0,0,0,0,0,0,1,0,20,1,4,1,2,2,20,8,4.0,10,0
292,protect_s,symmetric,21,108,113,1.0463,28,29,1.0357,74,15,15,0,5,1,6,0,0,0,0,0,0,0,0,1,0,20,1,4,1,2,2,20,8,4.0,10,0
293,unified,off,21,200,181,0.905,51,46,0.902,0,21,21,0,0,0,0,0,0,0,2,0,0,0,0,0,0,21,1,2,1,2,2,20,8,3.85,14,6
293,protect_l,left,21,80,181,2.2625,21,46,2.1905,12,21,21,0,0,0,0,0,0,0,0,0,0,0,0,0,0,21,1,2,1,2,2,20,8,3.85,5,0
293,protect_s,symmetric,21,36,181,5.0278,10,46,4.6,20,14,14,0,7,0,7,0,0,0,0,0,0,0,0,0,0,21,1,2,1,2,2,20,8,3.85,5,0
294,unified,off,21,164,229,1.3963,42,58,1.381,0,12,12,0,5,4,9,0,0,0,1,0,0,0,0,4,0,17,2,2,2,2,2,20,12,3.75,15,9
294,protect_l,left,21,72,229,3.1806,19,58,3.0526,23,12,12,0,5,4,9,0,0,0,0,0,0,0,0,4,0,17,2,2,2,2,2,20,12,3.75,5,0
294,protect_s,symmetric,21,48,229,4.7708,13,58,4.4615,30,8,8,0,9,4,13,0,0,0,0,0,0,0,0,4,0,17,2,2,2,2,2,20,12,3.75,5,0
295,unified,off,20,200,169,0.845,51,43,0.8431,0,4,4,0,16,0,16,0,0,0,16,0,0,0,0,0,0,20,3,1,2,2,2,20,18,3.3,14,12
295,protect_l,left,20,80,169,2.1125,21,43,2.0476,22,10,10,0,10,0,10,0,0,0,0,0,0,0,0,0,0,20,3,1,2,2,2,20,18,3.3,1,0
295,protect_s,symmetric,20,12,169,14.0833,4,43,10.75,24,3,3,0,17,0,17,0,0,0,0,0,0,0,0,0,0,20,3,1,2,2,2,20,18,3.3,1,0
296,unified,off,21,76,117,1.5395,20,30,1.5,0,7,7,0,14,0,0,0,0,14,37,0,0,0,0,0,0,21,3,1,3,2,2,20,15,3.7,6,4
296,protect_l,left,21,76,117,1.5395,20,30,1.5,37,20,20,0,1,0,1,0,0,0,0,0,0,0,0,0,0,21,3,1,3,2,2,20,15,3.7,4,0
296,protect_s,symmetric,21,48,117,2.4375,13,30,2.3077,55,14,14,0,7,0,7,0,0,0,0,0,0,0,0,0,0,21,3,1,3,2,2,20,15,3.7,4,0
297,unified,off,21,232,205,0.8836,59,52,0.8814,0,21,21,0,0,0,0,0,0,0,18,0,0,0,0,0,0,21,3,2,2,2,2,20,15,3.7,16,13
297,protect_l,left,21,120,205,1.7083,31,52,1.6774,34,15,15,0,6,0,6,0,0,0,0,0,0,0,0,0,0,21,3,2,2,2,2,20,15,3.7,4,0
297,protect_s,symmetric,21,36,205,5.6944,10,52,5.2,50,12,12,0,9,0,9,0,0,0,0,0,0,0,0,0,0,21,3,2,2,2,2,20,15,3.7,4,0
298,unified,off,21,84,57,0.6786,22,15,0.6818,0,21,21,0,0,0,0,0,0,0,0,0,0,0,0,0,0,21,2,3,3,2,2,20,11,3.6,10,4
298,protect_l,left,21,60,57,0.95,16,15,0.9375,24,21,21,0,0,0,0,0,0,0,0,0,0,0,0,0,0,21,2,3,3,2,2,20,11,3.6,5,0
298,protect_s,symmetric,21,48,57,1.1875,13,15,1.1538,32,6,6,0,15,0,15,0,0,0,0,0,0,0,0,0,0,21,2,3,3,2,2,20,11,3.6,5,0
299,unified,off,19,212,69,0.3255,54,18,0.3333,0,2,2,0,14,3,3,0,0,14,28,0,0,0,0,3,0,16,2,2,3,2,2,20,14,3.65,15,11
299,protect_l,left,19,84,69,0.8214,22,18,0.8182,18,14,14,0,2,3,5,0,0,0,0,0,0,0,0,3,0,16,2,2,3,2,2,20,14,3.65,3,0
299,protect_s,symmetric,19,24,69,2.875,7,18,2.5714,22,3,3,0,13,3,16,0,0,0,0,0,0,0,0,3,0,16,2,2,3,2,2,20,14,3.65,3,0
300,unified,off,20,248,189,0.7621,63,48,0.7619,0,19,19,0,0,1,1,0,0,0,1,0,0,0,0,1,0,19,2,2,2,2,2,20,11,3.7,15,8
300,protect_l,left,20,148,189,1.277,38,48,1.2632,35,19,19,0,0,1,1,0,0,0,0,0,0,0,0,1,0,19,2,2,2,2,2,20,11,3.7,7,0
300,protect_s,symmetric,20,84,189,2.25,22,48,2.1818,42,7,7,0,12,1,13,0,0,0,0,0,0,0,0,1,0,19,2,2,2,2,2,20,11,3.7,7,0
301,unified,off,21,120,97,0.8083,31,25,0.8065,0,1,1,0,20,0,0,0,0,20,40,0,0,0,0,0,0,21,1,3,4,2,2,20,6,3.95,10,3
301,protect_l,left,21,148,97,0.6554,38,25,0.6579,40,21,21,0,0,0,0,0,0,0,0,0,0,0,0,0,0,21,1,3,4,2,2,20,6,3.95,9,0
301,protect_s,symmetric,21,112,97,0.8661,29,25,0.8621,44,13,13,0,8,0,8,0,0,0,0,0,0,0,0,0,0,21,1,3,4,2,2,20,6,3.95,9,0
302,unified,off,21,96,85,0.8854,25,22,0.88,0,21,21,0,0,0,0,0,0,0,0,0,0,0,0,0,0,21,1,2,4,2,2,20,7,3.75,9,2
302,protect_l,left,21,88,85,0.9659,23,22,0.9565,25,21,21,0,0,0,0,0,0,0,0,0,0,0,0,0,0,21,1,2,4,2,2,20,7,3.75,8,0
302,protect_s,symmetric,21,64,85,1.3281,17,22,1.2941,32,13,13,0,8,0,8,0,0,0,0,0,0,0,0,0,0,21,1,2,4,2,2,20,7,3.75,8,0
303,unified,off,21,180,153,0.85,46,39,0.8478,0,19,19,0,0,2,2,0,0,0,0,0,0,0,0,2,0,19,2,3,1,2,2,20,12,3.55,12,7
303,protect_l,left,21,104,153,1.4712,27,39,1.4444,23,19,19,0,0,2,2,0,0,0,0,0,0,0,0,2,0,19,2,3,1,2,2,20,12,3.55,5,0
303,protect_s,symmetric,21,56,153,2.7321,15,39,2.6,31,8,8,0,11,2,13,0,0,0,0,0,0,0,0,2,0,19,2,3,1,2,2,20,12,3.55,5,0
304,unified,off,21,104,149,1.4327,27,38,1.4074,0,21,21,0,0,0,0,0,0,0,10,0,0,0,0,0,0,21,1,4,1,2,2,20,5,3.65,12,2
304,protect_l,left,21,84,149,1.7738,22,38,1.7273,15,21,21,0,0,0,0,0,0,0,0,0,0,0,0,0,0,21,1,4,1,2,2,20,5,3.65,10,0
304,protect_s,symmetric,21,60,149,2.4833,16,38,2.375,28,14,14,0,7,0,7,0,0,0,0,0,0,0,0,0,0,21,1,4,1,2,2,20,5,3.65,10,0
305,unified,off,21,172,133,0.7733,44,34,0.7727,0,15,15,0,4,2,2,0,0,4,8,0,0,0,0,2,0,19,4,2,2,2,2,20,16,3.65,9,8
305,protect_l,left,21,112,133,1.1875,29,34,1.1724,16,17,17,0,2,2,4,0,0,0,0,0,0,0,0,2,0,19,4,2,2,2,2,20,16,3.65,3,0
305,protect_s,symmetric,21,28,133,4.75,8,34,4.25,29,4,4,0,15,2,17,0,0,0,0,0,0,0,0,2,0,19,4,2,2,2,2,20,16,3.65,3,0
306,unified,off,21,92,97,1.0543,24,25,1.0417,0,4,4,0,17,0,0,0,0,17,41,0,0,0,0,0,0,21,1,1,1,2,2,20,8,3.8,9,2
306,protect_l,left,21,92,97,1.0543,24,25,1.0417,37,21,21,0,0,0,0,0,0,0,0,0,0,0,0,0,0,21,1,1,1,2,2,20,8,3.8,9,0
306,protect_s,symmetric,21,76,97,1.2763,20,25,1.25,56,21,21,0,0,0,0,0,0,0,0,0,0,0,0,0,0,21,1,1,1,2,2,20,8,3.8,9,0
307,unified,off,21,212,161,0.7594,54,41,0.7593,0,19,19,0,0,2,2,0,0,0,10,0,0,0,0,2,0,19,1,4,3,2,2,20,7,4.25,18,5
307,protect_l,left,21,148,161,1.0878,38,41,1.0789,12,19,19,0,0,2,2,0,0,0,0,0,0,0,0,2,0,19,1,4,3,2,2,20,7,4.25,12,0
307,protect_s,symmetric,21,120,161,1.3417,31,41,1.3226,20,11,11,0,8,2,10,0,0,0,0,0,0,0,0,2,0,19,1,4,3,2,2,20,7,4.25,12,0
308,unified,off,21,188,181,0.9628,48,46,0.9583,0,2,2,0,17,2,19,0,0,0,6,0,0,0,0,2,0,19,2,2,2,2,2,20,11,3.75,10,5
308,protect_l,left,21,180,181,1.0056,46,46,1.0,41,8,8,0,11,2,13,0,0,0,0,0,0,0,0,2,0,19,2,2,2,2,2,20,11,3.75,7,0
308,protect_s,symmetric,21,84,181,2.1548,22,46,2.0909,49,4,4,0,15,2,17,0,0,0,0,0,0,0,0,2,0,19,2,2,2,2,2,20,11,3.75,7,0
309,unified,off,21,116,109,0.9397,30,28,0.9333,0,21,21,0,0,0,0,0,0,0,0,0,0,0,0,0,0,21,2,1,1,2,2,20,9,3.9,9,4
309,protect_l,left,21,92,109,1.1848,24,28,1.1667,25,21,21,0,0,0,0,0,0,0,0,0,0,0,0,0,0,21,2,1,1,2,2,20,9,3.9,6,0
309,protect_s,symmetric,21,52,109,2.0962,14,28,2.0,34,12,12,0,9,0,9,0,0,0,0,0,0,0,0,0,0,21,2,1,1,2,2,20,9,3.9,6,0
310,unified,off,21,100,201,2.01,26,51,1.9615,0,4,4,0,17,0,0,0,0,17,38,0,0,0,0,0,0,21,1,3,4,2,2,20,6,3.85,11,4
310,protect_l,left,21,88,201,2.2841,23,51,2.2174,21,10,10,0,11,0,11,0,0,0,0,0,0,0,0,0,0,21,1,3,4,2,2,20,6,3.85,10,0
310,protect_s,symmetric,21,84,201,2.3929,22,51,2.3182,29,8,8,0,13,0,13,0,0,0,0,0,0,0,0,0,0,21,1,3,4,2,2,20,6,3.85,10,0
311,unified,off,21,124,81,0.6532,32,21,0.6562,0,21,21,0,0,0,0,0,0,0,3,0,0,0,0,0,0,21,2,4,1,2,2,20,11,3.35,10,4
311,protect_l,left,21,116,81,0.6983,30,21,0.7,41,21,21,0,0,0,0,0,0,0,0,0,0,0,0,0,0,21,2,4,1,2,2,20,11,3.35,7,0
311,protect_s,symmetric,21,64,81,1.2656,17,21,1.2353,54,11,11,0,10,0,10,0,0,0,0,0,0,0,0,0,0,21,2,4,1,2,2,20,11,3.35,7,0
312,unified,off,21,132,133,1.0076,34,34,1.0,0,21,21,0,0,0,0,0,0,0,0,0,0,0,0,0,0,21,1,7,1,2,2,20,8,3.95,9,2
312,protect_l,left,21,100,133,1.33,26,34,1.3077,18,21,21,0,0,0,0,0,0,0,0,0,0,0,0,0,0,21,1,7,1,2,2,20,8,3.95,7,0
312,protect_s,symmetric,21,80,133,1.6625,21,34,1.619,26,13,13,0,8,0,8,0,0,0,0,0,0,0,0,0,0,21,1,7,1,2,2,20,8,3.95,7,0
313,unified,off,21,168,145,0.8631,43,37,0.8605,0,21,21,0,0,0,0,0,0,0,0,0,0,0,0,0,0,21,3,1,1,2,2,20,12,3.9,13,5
313,protect_l,left,21,112,145,1.2946,29,37,1.2759,34,21,21,0,0,0,0,0,0,0,0,0,0,0,0,0,0,21,3,1,1,2,2,20,12,3.9,7,0
313,protect_s,symmetric,21,68,145,2.1324,18,37,2.0556,51,15,15,0,6,0,6,0,0,0,0,0,0,0,0,0,0,21,3,1,1,2,2,20,12,3.9,7,0
314,unified,off,21,188,241,1.2819,48,61,1.2708,0,19,19,0,0,2,2,0,0,0,0,0,0,0,0,2,0,19,3,1,1,2,2,20,14,3.85,12,8
314,protect_l,left,21,156,241,1.5449,40,61,1.525,32,19,19,0,0,2,2,0,0,0,0,0,0,0,0,2,0,19,3,1,1,2,2,20,14,3.85,5,0
314,protect_s,symmetric,21,68,241,3.5441,18,61,3.3889,48,8,8,0,11,2,13,0,0,0,0,0,0,0,0,2,0,19,3,1,1,2,2,20,14,3.85,5,0
315,unified,off,21,56,61,1.0893,15,16,1.0667,0,21,21,0,0,0,0,0,0,0,0,0,0,0,0,0,0,21,1,2,2,2,2,20,7,3.35,6,2
315,protect_l,left,21,56,61,1.0893,15,16,1.0667,19,21,21,0,0,0,0,0,0,0,0,0,0,0,0,0,0,21,1,2,2,2,2,20,7,3.35,5,0
315,protect_s,symmetric,21,52,61,1.1731,14,16,1.1429,38,20,20,0,1,0,1,0,0,0,0,0,0,0,0,0,0,21,1,2,2,2,2,20,7,3.35,5,0
316,unified,off,19,176,169,0.9602,45,43,0.9556,0,17,17,0,0,2,2,0,0,0,2,0,0,0,0,2,0,17,1,4,2,2,2,20,5,3.7,13,3
316,protect_l,left,19,136,169,1.2426,35,43,1.2286,25,17,17,0,0,2,2,0,0,0,0,0,0,0,0,2,0,17,1,4,2,2,2,20,5,3.7,11,0
316,protect_s,symmetric,19,92,169,1.837,24,43,1.7917,32,10,10,0,7,2,9,0,0,0,0,0,0,0,0,2,0,17,1,4,2,2,2,20,5,3.7,11,0
317,unified,off,20,128,145,1.1328,33,37,1.1212,0,20,20,0,0,0,0,0,0,0,1,0,0,0,0,0,0,20,2,2,1,2,2,20,11,4.15,15,7
317,protect_l,left,20,80,145,1.8125,21,37,1.7619,19,20,20,0,0,0,0,0,0,0,0,0,0,0,0,0,0,20,2,2,1,2,2,20,11,4.15,7,0
317,protect_s,symmetric,20,60,145,2.4167,16,37,2.3125,32,8,8,0,12,0,12,0,0,0,0,0,0,0,0,0,0,20,2,2,1,2,2,20,11,4.15,7,0
318,unified,off,21,172,129,0.75,44,33,0.75,0,4,4,0,17,0,0,0,0,17,34,0,0,0,0,0,0,21,2,4,2,2,2,20,13,4.1,15,10
318,protect_l,left,21,84,129,1.5357,22,33,1.5,21,21,21,0,0,0,0,0,0,0,0,0,0,0,0,0,0,21,2,4,2,2,2,20,13,4.1,7,0
318,protect_s,symmetric,21,44,129,2.9318,12,33,2.75,27,7,7,0,14,0,14,0,0,0,0,0,0,0,0,0,0,21,2,4,2,2,2,20,13,4.1,7,0
319,unified,off,21,148,113,0.7635,38,29,0.7632,0,21,21,0,0,0,0,0,0,0,0,0,0,0,0,0,0,21,3,1,4,2,2,20,16,3.5,11,8
319,protect_l,left,21,68,113,1.6618,18,29,1.6111,22,20,20,0,1,0,1,0,0,0,0,0,0,0,0,0,0,21,3,1,4,2,2,20,16,3.5,2,0
319,protect_s,symmetric,21,20,113,5.65,6,29,4.8333,31,7,7,0,14,0,14,0,0,0,0,0,0,0,0,0,0,21,3,1,4,2,2,20,16,3.5,2,0
320,unified,off,20,136,93,0.6838,35,24,0.6857,0,10,10,0,3,7,10,0,0,0,1,0,0,0,0,7,0,13,1,3,3,2,2,20,5,3.85,10,2
320,protect_l,left,20,132,93,0.7045,34,24,0.7059,14,10,10,0,3,7,10,0,0,0,0,0,0,0,0,7,0,13,1,3,3,2,2,20,5,3.85,9,0
320,protect_s,symmetric,20,84,93,1.1071,22,24,1.0909,24,8,8,0,5,7,12,0,0,0,0,0,0,0,0,7,0,13,1,3,3,2,2,20,5,3.85,9,0
321,unified,off,21,244,105,0.4303,62,27,0.4355,0,5,5,0,10,6,16,0,0,0,9,0,0,0,0,6,0,15,2,4,3,2,2,20,9,3.4,17,8
321,protect_l,left,21,64,105,1.6406,17,27,1.5882,17,10,10,0,5,6,11,0,0,0,0,0,0,0,0,6,0,15,2,4,3,2,2,20,9,3.4,5,0
321,protect_s,symmetric,21,28,105,3.75,8,27,3.375,26,7,7,0,8,6,14,0,0,0,0,0,0,0,0,6,0,15,2,4,3,2,2,20,9,3.4,5,0
322,unified,off,21,228,273,1.1974,58,69,1.1897,0,21,21,0,0,0,0,0,0,0,9,0,0,0,0,0,0,21,3,2,2,2,2,20,12,3.55,14,8
322,protect_l,left,21,156,273,1.75,40,69,1.725,39,21,21,0,0,0,0,0,0,0,0,0,0,0,0,0,0,21,3,2,2,2,2,20,12,3.55,7,0
322,protect_s,symmetric,21,76,273,3.5921,20,69,3.45,52,8,8,0,13,0,13,0,0,0,0,0,0,0,0,0,0,21,3,2,2,2,2,20,12,3.55,7,0
323,unified,off,21,136,89,0.6544,35,23,0.6571,0,4,4,0,17,0,0,0,0,17,34,0,0,0,0,0,0,21,2,2,4,2,2,20,13,4.4,11,7
323,protect_l,left,21,76,89,1.1711,20,23,1.15,34,18,18,0,3,0,3,0,0,0,0,0,0,0,0,0,0,21,2,2,4,2,2,20,13,4.4,4,0
323,protect_s,symmetric,21,36,89,2.4722,10,23,2.3,41,4,4,0,17,0,17,0,0,0,0,0,0,0,0,0,0,21,2,2,4,2,2,20,13,4.4,4,0
324,unified,off,21,188,157,0.8351,48,40,0.8333,0,21,21,0,0,0,0,0,0,0,0,0,0,0,0,0,0,21,1,2,4,2,2,20,8,4.0,17,6
324,protect_l,left,21,124,157,1.2661,32,40,1.25,33,20,20,0,1,0,1,0,0,0,0,0,0,0,0,0,0,21,1,2,4,2,2,20,8,4.0,12,0
324,protect_s,symmetric,21,96,157,1.6354,25,40,1.6,41,11,11,0,10,0,10,0,0,0,0,0,0,0,0,0,0,21,1,2,4,2,2,20,8,4.0,12,0
325,unified,off,20,44,33,0.75,12,9,0.75,0,20,20,0,0,0,0,0,0,0,0,0,0,0,0,0,0,20,1,3,3,2,2,20,5,3.35,7,2
325,protect_l,left,20,36,33,0.9167,10,9,0.9,8,20,20,0,0,0,0,0,0,0,0,0,0,0,0,0,0,20,1,3,3,2,2,20,5,3.35,5,0
325,protect_s,symmetric,20,32,33,1.0312,9,9,1.0,19,11,11,0,9,0,9,0,0,0,0,0,0,0,0,0,0,20,1,3,3,2,2,20,5,3.35,5,0
326,unified,off,21,136,153,1.125,35,39,1.1143,0,10,10,0,11,0,0,0,0,11,22,0,0,0,0,0,0,21,1,1,3,2,2,20,6,3.75,7,1
326,protect_l,left,21,136,153,1.125,35,39,1.1143,24,21,21,0,0,0,0,0,0,0,0,0,0,0,0,0,0,21,1,1,3,2,2,20,6,3.75,7,0
326,protect_s,symmetric,21,92,153,1.663,24,39,1.625,30,13,13,0,8,0,8,0,0,0,0,0,0,0,0,0,0,21,1,1,3,2,2,20,6,3.75,7,0
327,unified,off,21,212,185,0.8726,54,47,0.8704,0,21,21,0,0,0,0,0,0,0,6,0,0,0,0,0,0,21,3,2,3,2,2,20,13,3.2,14,10
327,protect_l,left,21,136,185,1.3603,35,47,1.3429,25,20,20,0,1,0,1,0,0,0,0,0,0,0,0,0,0,21,3,2,3,2,2,20,13,3.2,4,0
327,protect_s,symmetric,21,44,185,4.2045,12,47,3.9167,37,6,6,0,15,0,15,0,0,0,0,0,0,0,0,0,0,21,3,2,3,2,2,20,13,3.2,4,0
328,unified,off,21,88,141,1.6023,23,36,1.5652,0,1,1,0,20,0,0,0,0,20,39,0,0,0,0,0,0,21,4,1,2,2,2,20,18,4.0,10,9
328,protect_l,left,21,40,141,3.525,11,36,3.2727,18,21,21,0,0,0,0,0,0,0,0,0,0,0,0,0,0,21,4,1,2,2,2,20,18,4.0,1,0
328,protect_s,symmetric,21,12,141,11.75,4,36,9.0,20,2,2,0,19,0,19,0,0,0,0,0,0,0,0,0,0,21,4,1,2,2,2,20,18,4.0,1,0
329,unified,off,21,140,113,0.8071,36,29,0.8056,0,18,18,0,2,1,1,0,0,2,8,0,0,0,0,1,0,20,1,1,4,2,2,20,12,3.65,16,9
329,protect_l,left,21,56,113,2.0179,15,29,1.9333,38,18,18,0,2,1,3,0,0,0,0,0,0,0,0,1,0,20,1,1,4,2,2,20,12,3.65,6,0
329,protect_s,symmetric,21,48,113,2.3542,13,29,2.2308,52,15,15,0,5,1,6,0,0,0,0,0,0,0,0,1,0,20,1,1,4,2,2,20,12,3.65,6,0
330,unified,off,21,44,33,0.75,12,9,0.75,0,21,21,0,0,0,0,0,0,0,0,0,0,0,0,0,0,21,1,1,3,2,2,20,10,3.9,5,0
330,protect_l,left,21,44,33,0.75,12,9,0.75,18,21,21,0,0,0,0,0,0,0,0,0,0,0,0,0,0,21,1,1,3,2,2,20,10,3.9,5,0
330,protect_s,symmetric,21,36,33,0.9167,10,9,0.9,22,21,21,0,0,0,0,0,0,0,0,0,0,0,0,0,0,21,1,1,3,2,2,20,10,3.9,5,0
331,unified,off,21,92,77,0.837,24,20,0.8333,0,1,1,0,20,0,0,0,0,20,48,0,0,0,0,0,0,21,2,3,3,2,2,20,13,3.45,10,6
331,protect_l,left,21,44,77,1.75,12,20,1.6667,17,21,21,0,0,0,0,0,0,0,0,0,0,0,0,0,0,21,2,3,3,2,2,20,13,3.45,4,0
331,protect_s,symmetric,21,32,77,2.4062,9,20,2.2222,23,6,6,0,15,0,15,0,0,0,0,0,0,0,0,0,0,21,2,3,3,2,2,20,13,3.45,4,0
332,unified,off,20,224,193,0.8616,57,49,0.8596,0,1,1,0,19,0,0,0,0,19,42,0,0,0,0,0,0,20,3,2,3,2,2,20,12,3.4,13,8
332,protect_l,left,20,112,193,1.7232,29,49,1.6897,23,10,10,0,10,0,10,0,0,0,0,0,0,0,0,0,0,20,3,2,3,2,2,20,12,3.4,4,0
332,protect_s,symmetric,20,40,193,4.825,11,49,4.4545,30,4,4,0,16,0,16,0,0,0,0,0,0,0,0,0,0,20,3,2,3,2,2,20,12,3.4,4,0
333,unified,off,21,112,149,1.3304,29,38,1.3103,0,2,2,0,19,0,0,0,0,19,43,0,0,0,0,0,0,21,2,1,2,2,2,20,10,3.95,9,4
333,protect_l,left,21,88,149,1.6932,23,38,1.6522,22,6,6,0,15,0,15,0,0,0,0,0,0,0,0,0,0,21,2,1,2,2,2,20,10,3.95,6,0
333,protect_s,symmetric,21,48,149,3.1042,13,38,2.9231,35,9,9,0,12,0,12,0,0,0,0,0,0,0,0,0,0,21,2,1,2,2,2,20,10,3.95,6,0
334,unified,off,20,88,85,0.9659,23,22,0.9565,0,20,20,0,0,0,0,0,0,0,0,0,0,0,0,0,0,20,2,4,2,2,2,20,10,3.35,9,2
334,protect_l,left,20,80,85,1.0625,21,22,1.0476,45,20,20,0,0,0,0,0,0,0,0,0,0,0,0,0,0,20,2,4,2,2,2,20,10,3.35,7,0
334,protect_s,symmetric,20,80,85,1.0625,21,22,1.0476,59,8,8,0,12,0,12,0,0,0,0,0,0,0,0,0,0,20,2,4,2,2,2,20,10,3.35,7,0
335,unified,off,21,112,113,1.0089,29,29,1.0,0,21,21,0,0,0,0,0,0,0,0,0,0,0,0,0,0,21,2,4,1,2,2,20,17,4.1,12,9
335,protect_l,left,21,44,113,2.5682,12,29,2.4167,20,21,21,0,0,0,0,0,0,0,0,0,0,0,0,0,0,21,2,4,1,2,2,20,17,4.1,3,0
335,protect_s,symmetric,21,24,113,4.7083,7,29,4.1429,28,5,5,0,16,0,16,0,0,0,0,0,0,0,0,0,0,21,2,4,1,2,2,20,17,4.1,3,0
336,unified,off,21,132,97,0.7348,34,25,0.7353,0,10,10,0,8,3,3,0,0,8,16,0,0,0,0,3,0,18,1,3,5,2,2,20,10,4.1,10,2
336,protect_l,left,21,136,97,0.7132,35,25,0.7143,40,18,18,0,0,3,3,0,0,0,0,0,0,0,0,3,0,18,1,3,5,2,2,20,10,4.1,8,0
336,protect_s,symmetric,21,120,97,0.8083,31,25,0.8065,44,10,10,0,8,3,11,0,0,0,0,0,0,0,0,3,0,18,1,3,5,2,2,20,10,4.1,8,0
337,unified,off,21,220,237,1.0773,56,60,1.0714,0,20,20,0,1,0,1,0,0,0,11,0,0,0,0,0,0,21,3,2,2,2,2,20,10,3.8,14,7
337,protect_l,left,21,128,237,1.8516,33,60,1.8182,36,17,17,0,4,0,4,0,0,0,0,0,0,0,0,0,0,21,3,2,2,2,2,20,10,3.8,6,0
337,protect_s,symmetric,21,52,237,4.5577,14,60,4.2857,48,4,4,0,17,0,17,0,0,0,0,0,0,0,0,0,0,21,3,2,2,2,2,20,10,3.8,6,0
338,unified,off,21,128,101,0.7891,33,26,0.7879,0,21,21,0,0,0,0,0,0,0,3,0,0,0,0,0,0,21,1,7,1,2,2,20,10,3.65,14,6
338,protect_l,left,21,96,101,1.0521,25,26,1.04,46,21,21,0,0,0,0,0,0,0,0,0,0,0,0,0,0,21,1,7,1,2,2,20,10,3.65,8,0
338,protect_s,symmetric,21,68,101,1.4853,18,26,1.4444,51,10,10,0,11,0,11,0,0,0,0,0,0,0,0,0,0,21,1,7,1,2,2,20,10,3.65,8,0
339,unified,off,20,60,61,1.0167,16,16,1.0,0,20,20,0,0,0,0,0,0,0,5,0,0,0,0,0,0,20,3,1,2,2,2,20,14,3.8,6,2
339,protect_l,left,20,40,61,1.525,11,16,1.4545,19,20,20,0,0,0,0,0,0,0,0,0,0,0,0,0,0,20,3,1,2,2,2,20,14,3.8,3,0
339,protect_s,symmetric,20,44,61,1.3864,12,16,1.3333,37,20,20,0,0,0,0,0,0,0,0,0,0,0,0,0,0,20,3,1,2,2,2,20,14,3.8,3,0
340,unified,off,20,136,97,0.7132,35,25,0.7143,0,10,10,0,10,0,0,0,0,10,23,0,0,0,0,0,0,20,1,1,2,2,2,20,5,3.2,12,3
340,protect_l,left,20,100,97,0.97,26,25,0.9615,30,20,20,0,0,0,0,0,0,0,0,0,0,0,0,0,0,20,1,1,2,2,2,20,5,3.2,9,0
340,protect_s,symmetric,20,64,97,1.5156,17,25,1.4706,38,14,14,0,6,0,6,0,0,0,0,0,0,0,0,0,0,20,1,1,2,2,2,20,5,3.2,9,0
341,unified,off,21,208,197,0.9471,53,50,0.9434,0,21,21,0,0,0,0,0,0,0,4,0,0,0,0,0,0,21,2,3,1,2,2,20,12,3.9,17,10
341,protect_l,left,21,128,197,1.5391,33,50,1.5152,27,18,18,0,3,0,3,0,0,0,0,0,0,0,0,0,0,21,2,3,1,2,2,20,12,3.9,6,0
341,protect_s,symmetric,21,64,197,3.0781,17,50,2.9412,42,6,6,0,15,0,15,0,0,0,0,0,0,0,0,0,0,21,2,3,1,2,2,20,12,3.9,6,0
342,unified,off,21,40,25,0.625,11,7,0.6364,0,21,21,0,0,0,0,0,0,0,0,0,0,0,0,0,0,21,1,2,1,2,2,20,6,3.45,5,1
342,protect_l,left,21,36,25,0.6944,10,7,0.7,5,21,21,0,0,0,0,0,0,0,0,0,0,0,0,0,0,21,1,2,1,2,2,20,6,3.45,4,0
342,protect_s,symmetric,21,32,25,0.7812,9,7,0.7778,11,21,21,0,0,0,0,0,0,0,0,0,0,0,0,0,0,21,1,2,1,2,2,20,6,3.45,4,0
343,unified,off,21,188,181,0.9628,48,46,0.9583,0,19,19,0,0,2,2,0,0,0,1,0,0,0,0,2,0,19,1,1,4,2,2,20,7,3.85,16,4
343,protect_l,left,21,168,181,1.0774,43,46,1.0698,40,19,19,0,0,2,2,0,0,0,0,0,0,0,0,2,0,19,1,1,4,2,2,20,7,3.85,12,0
343,protect_s,symmetric,21,128,181,1.4141,33,46,1.3939,49,14,14,0,5,2,7,0,0,0,0,0,0,0,0,2,0,19,1,1,4,2,2,20,7,3.85,12,0
344,unified,off,21,72,49,0.6806,19,13,0.6842,0,21,21,0,0,0,0,0,0,0,3,0,0,0,0,0,0,21,2,2,2,2,2,20,12,4.35,7,3
344,protect_l,left,21,88,49,0.5568,23,13,0.5652,26,21,21,0,0,0,0,0,0,0,0,0,0,0,0,0,0,21,2,2,2,2,2,20,12,4.35,7,0
344,protect_s,symmetric,21,72,49,0.6806,19,13,0.6842,37,21,21,0,0,0,0,0,0,0,0,0,0,0,0,0,0,21,2,2,2,2,2,20,12,4.35,7,0
345,unified,off,20,120,149,1.2417,31,38,1.2258,0,20,20,0,0,0,0,0,0,0,0,0,0,0,0,0,0,20,2,2,1,2,2,20,7,3.4,12,3
345,protect_l,left,20,116,149,1.2845,30,38,1.2667,40,20,20,0,0,0,0,0,0,0,0,0,0,0,0,0,0,20,2,2,1,2,2,20,7,3.4,9,0
345,protect_s,symmetric,20,72,149,2.0694,19,38,2.0,51,12,12,0,8,0,8,0,0,0,0,0,0,0,0,0,0,20,2,2,1,2,2,20,7,3.4,9,0
346,unified,off,21,84,129,1.5357,22,33,1.5,0,21,21,0,0,0,0,0,0,0,0,0,0,0,0,0,0,21,2,5,1,2,2,20,13,4.25,5,2
346,protect_l,left,21,100,129,1.29,26,33,1.2692,32,21,21,0,0,0,0,0,0,0,0,0,0,0,0,0,0,21,2,5,1,2,2,20,13,4.25,5,0
346,protect_s,symmetric,21,56,129,2.3036,15,33,2.2,36,6,6,0,15,0,15,0,0,0,0,0,0,0,0,0,0,21,2,5,1,2,2,20,13,4.25,5,0
347,unified,off,21,120,113,0.9417,31,29,0.9355,0,20,20,0,0,1,1,0,0,0,0,0,0,0,0,1,0,20,3,1,1,2,2,20,16,3.85,9,7
347,protect_l,left,21,84,113,1.3452,22,29,1.3182,39,20,20,0,0,1,1,0,0,0,0,0,0,0,0,1,0,20,3,1,1,2,2,20,16,3.85,3,0
347,protect_s,symmetric,21,44,113,2.5682,12,29,2.4167,51,15,15,0,5,1,6,0,0,0,0,0,0,0,0,1,0,20,3,1,1,2,2,20,16,3.85,3,0
348,unified,off,21,108,141,1.3056,28,36,1.2857,0,21,21,0,0,0,0,0,0,0,3,0,0,0,0,0,0,21,2,2,1,2,2,20,10,3.3,12,5
348,protect_l,left,21,96,141,1.4688,25,36,1.44,49,19,19,0,2,0,2,0,0,0,0,0,0,0,0,0,0,21,2,2,1,2,2,20,10,3.3,8,0
348,protect_s,symmetric,21,92,141,1.5326,24,36,1.5,70,16,16,0,5,0,5,0,0,0,0,0,0,0,0,0,0,21,2,2,1,2,2,20,10,3.3,8,0
349,unified,off,21,180,133,0.7389,46,34,0.7391,0,21,21,0,0,0,0,0,0,0,0,0,0,0,0,0,0,21,2,5,3,2,2,20,14,3.35,12,6
349,protect_l,left,21,116,133,1.1466,30,34,1.1333,43,21,21,0,0,0,0,0,0,0,0,0,0,0,0,0,0,21,2,5,3,2,2,20,14,3.35,6,0
349,protect_s,symmetric,21,68,133,1.9559,18,34,1.8889,58,15,15,0,6,0,6,0,0,0,0,0,0,0,0,0,0,21,2,5,3,2,2,20,14,3.35,6,0
350,unified,off,21,88,121,1.375,23,31,1.3478,0,21,21,0,0,0,0,0,0,0,0,0,0,0,0,0,0,21,1,3,2,2,2,20,6,4.2,9,3
350,protect_l,left,21,84,121,1.4405,22,31,1.4091,12,21,21,0,0,0,0,0,0,0,0,0,0,0,0,0,0,21,1,3,2,2,2,20,6,4.2,8,0
350,protect_s,symmetric,21,48,121,2.5208,13,31,2.3846,18,13,13,0,8,0,8,0,0,0,0,0,0,0,0,0,0,21,1,3,2,2,2,20,6,4.2,8,0
351,unified,off,21,156,245,1.5705,40,62,1.55,0,21,21,0,0,0,0,0,0,0,3,0,0,0,0,0,0,21,4,1,3,2,2,20,14,3.45,7,6
351,protect_l,left,21,144,245,1.7014,37,62,1.6757,22,19,19,0,2,0,2,0,0,0,0,0,0,0,0,0,0,21,4,1,3,2,2,20,14,3.45,4,0
351,protect_s,symmetric,21,72,245,3.4028,19,62,3.2632,35,11,11,0,10,0,10,0,0,0,0,0,0,0,0,0,0,21,4,1,3,2,2,20,14,3.45,4,0
352,unified,off,21,96,81,0.8438,25,21,0.84,0,21,21,0,0,0,0,0,0,0,0,0,0,0,0,0,0,21,1,4,2,2,2,20,7,3.7,12,5
352,protect_l,left,21,76,81,1.0658,20,21,1.05,27,21,21,0,0,0,0,0,0,0,0,0,0,0,0,0,0,21,1,4,2,2,2,20,7,3.7,7,0
352,protect_s,symmetric,21,64,81,1.2656,17,21,1.2353,36,13,13,0,8,0,8,0,0,0,0,0,0,0,0,0,0,21,1,4,2,2,2,20,7,3.7,7,0
353,unified,off,20,68,61,0.8971,18,16,0.8889,0,20,20,0,0,0,0,0,0,0,0,0,0,0,0,0,0,20,1,4,1,2,2,20,6,3.85,10,5
353,protect_l,left,20,56,61,1.0893,15,16,1.0667,17,19,19,0,1,0,1,0,0,0,0,0,0,0,0,0,0,20,1,4,1,2,2,20,6,3.85,7,0
353,protect_s,symmetric,20,48,61,1.2708,13,16,1.2308,26,8,8,0,12,0,12,0,0,0,0,0,0,0,0,0,0,20,1,4,1,2,2,20,6,3.85,7,0
354,unified,off,20,128,133,1.0391,33,34,1.0303,0,20,20,0,0,0,0,0,0,0,3,0,0,0,0,0,0,20,2,2,3,2,2,20,12,3.5,9,3
354,protect_l,left,20,124,133,1.0726,32,34,1.0625,45,20,20,0,0,0,0,0,0,0,0,0,0,0,0,0,0,20,2,2,3,2,2,20,12,3.5,8,0
354,protect_s,symmetric,20,64,133,2.0781,17,34,2.0,58,11,11,0,9,0,9,0,0,0,0,0,0,0,0,0,0,20,2,2,3,2,2,20,12,3.5,8,0
355,unified,off,21,152,145,0.9539,39,37,0.9487,0,6,6,0,15,0,0,0,0,15,30,0,0,0,0,0,0,21,2,3,1,2,2,20,13,3.45,11,6
355,protect_l,left,21,108,145,1.3426,28,37,1.3214,55,21,21,0,0,0,0,0,0,0,0,0,0,0,0,0,0,21,2,3,1,2,2,20,13,3.45,6,0
355,protect_s,symmetric,21,80,145,1.8125,21,37,1.7619,90,19,19,0,2,0,2,0,0,0,0,0,0,0,0,0,0,21,2,3,1,2,2,20,13,3.45,6,0
356,unified,off,21,88,69,0.7841,23,18,0.7826,0,21,21,0,0,0,0,0,0,0,5,0,0,0,0,0,0,21,1,2,5,2,2,20,11,3.9,11,6
356,protect_l,left,21,68,69,1.0147,18,18,1.0,29,19,19,0,2,0,2,0,0,0,0,0,0,0,0,0,0,21,1,2,5,2,2,20,11,3.9,6,0
356,protect_s,symmetric,21,36,69,1.9167,10,18,1.8,34,5,5,0,16,0,16,0,0,0,0,0,0,0,0,0,0,21,1,2,5,2,2,20,11,3.9,6,0
357,unified,off,21,120,129,1.075,31,33,1.0645,0,16,16,0,0,5,5,0,0,0,0,0,0,0,0,5,0,16,2,2,4,2,2,20,10,3.9,8,3
357,protect_l,left,21,124,129,1.0403,32,33,1.0312,27,16,16,0,0,5,5,0,0,0,0,0,0,0,0,5,0,16,2,2,4,2,2,20,10,3.9,9,0
357,protect_s,symmetric,21,92,129,1.4022,24,33,1.375,35,8,8,0,8,5,13,0,0,0,0,0,0,0,0,5,0,16,2,2,4,2,2,20,10,3.9,9,0
358,unified,off,20,152,125,0.8224,39,32,0.8205,0,10,10,0,10,0,0,0,0,10,20,0,0,0,0,0,0,20,1,2,6,2,2,20,9,3.6,15,6
358,protect_l,left,20,104,125,1.2019,27,32,1.1852,55,19,19,0,1,0,1,0,0,0,0,0,0,0,0,0,0,20,1,2,6,2,2,20,9,3.6,10,0
358,protect_s,symmetric,20,76,125,1.6447,20,32,1.6,62,9,9,0,11,0,11,0,0,0,0,0,0,0,0,0,0,20,1,2,6,2,2,20,9,3.6,10,0
359,unified,off,21,180,177,0.9833,46,45,0.9783,0,21,21,0,0,0,0,0,0,0,1,0,0,0,0,0,0,21,3,1,1,2,2,20,15,3.8,10,6
359,protect_l,left,21,128,177,1.3828,33,45,1.3636,41,21,21,0,0,0,0,0,0,0,0,0,0,0,0,0,0,21,3,1,1,2,2,20,15,3.8,4,0
359,protect_s,symmetric,21,60,177,2.95,16,45,2.8125,65,14,14,0,7,0,7,0,0,0,0,0,0,0,0,0,0,21,3,1,1,2,2,20,15,3.8,4,0
360,unified,off,21,104,93,0.8942,27,24,0.8889,0,21,21,0,0,0,0,0,0,0,18,0,0,0,0,0,0,21,2,3,2,2,2,20,10,3.8,8,4
360,protect_l,left,21,100,93,0.93,26,24,0.9231,34,18,18,0,3,0,3,0,0,0,0,0,0,0,0,0,0,21,2,3,2,2,2,20,10,3.8,6,0
360,protect_s,symmetric,21,64,93,1.4531,17,24,1.4118,62,13,13,0,8,0,8,0,0,0,0,0,0,0,0,0,0,21,2,3,2,2,2,20,10,3.8,6,0
361,unified,off,21,104,81,0.7788,27,21,0.7778,0,21,21,0,0,0,0,0,0,0,0,0,0,0,0,0,0,21,1,1,4,2,2,20,5,3.55,10,3
361,protect_l,left,21,88,81,0.9205,23,21,0.913,5,21,21,0,0,0,0,0,0,0,0,0,0,0,0,0,0,21,1,1,4,2,2,20,5,3.55,7,0
361,protect_s,symmetric,21,68,81,1.1912,18,21,1.1667,13,13,13,0,8,0,8,0,0,0,0,0,0,0,0,0,0,21,1,1,4,2,2,20,5,3.55,7,0
362,unified,off,21,224,177,0.7902,57,45,0.7895,0,13,13,0,1,7,8,0,0,0,5,0,0,0,0,7,0,14,2,1,5,2,2,20,13,4.1,13,7
362,protect_l,left,21,128,177,1.3828,33,45,1.3636,15,11,11,0,3,7,10,0,0,0,0,0,0,0,0,7,0,14,2,1,5,2,2,20,13,4.1,5,0
362,protect_s,symmetric,21,32,177,5.5312,9,45,5.0,20,4,4,0,10,7,17,0,0,0,0,0,0,0,0,7,0,14,2,1,5,2,2,20,13,4.1,5,0
363,unified,off,21,84,89,1.0595,22,23,1.0455,0,21,21,0,0,0,0,0,0,0,4,0,0,0,0,0,0,21,1,2,1,2,2,20,8,3.6,10,4
363,protect_l,left,21,64,89,1.3906,17,23,1.3529,27,21,21,0,0,0,0,0,0,0,0,0,0,0,0,0,0,21,1,2,1,2,2,20,8,3.6,6,0
363,protect_s,symmetric,21,44,89,2.0227,12,23,1.9167,34,11,11,0,10,0,10,0,0,0,0,0,0,0,0,0,0,21,1,2,1,2,2,20,8,3.6,6,0
364,unified,off,21,140,97,0.6929,36,25,0.6944,0,20,20,0,0,1,1,0,0,0,0,0,0,0,0,1,0,20,1,1,5,2,2,20,7,3.85,13,3
364,protect_l,left,21,88,97,1.1023,23,25,1.087,17,20,20,0,0,1,1,0,0,0,0,0,0,0,0,1,0,20,1,1,5,2,2,20,7,3.85,7,0
364,protect_s,symmetric,21,56,97,1.7321,15,25,1.6667,23,14,14,0,6,1,7,0,0,0,0,0,0,0,0,1,0,20,1,1,5,2,2,20,7,3.85,7,0
365,unified,off,21,208,157,0.7548,53,40,0.7547,0,7,7,0,14,0,0,0,0,14,28,0,0,0,0,0,0,21,2,3,2,2,2,20,8,3.35,10,4
365,protect_l,left,21,152,157,1.0329,39,40,1.0256,41,21,21,0,0,0,0,0,0,0,0,0,0,0,0,0,0,21,2,3,2,2,2,20,8,3.35,7,0
365,protect_s,symmetric,21,84,157,1.869,22,40,1.8182,61,9,9,0,12,0,12,0,0,0,0,0,0,0,0,0,0,21,2,3,2,2,2,20,8,3.35,7,0
366,unified,off,21,252,205,0.8135,64,52,0.8125,0,18,18,0,0,3,3,0,0,0,7,0,0,0,0,3,0,18,2,2,2,2,2,20,14,3.75,16,11
366,protect_l,left,21,128,205,1.6016,33,52,1.5758,36,17,17,0,1,3,4,0,0,0,0,0,0,0,0,3,0,18,2,2,2,2,2,20,14,3.75,5,0
366,protect_s,symmetric,21,60,205,3.4167,16,52,3.25,40,4,4,0,14,3,17,0,0,0,0,0,0,0,0,3,0,18,2,2,2,2,2,20,14,3.75,5,0
367,unified,off,21,104,81,0.7788,27,21,0.7778,0,21,21,0,0,0,0,0,0,0,0,0,0,0,0,0,0,21,1,4,1,2,2,20,9,4.0,10,4
367,protect_l,left,21,72,81,1.125,19,21,1.1053,18,21,21,0,0,0,0,0,0,0,0,0,0,0,0,0,0,21,1,4,1,2,2,20,9,4.0,5,0
367,protect_s,symmetric,21,48,81,1.6875,13,21,1.6154,31,14,14,0,7,0,7,0,0,0,0,0,0,0,0,0,0,21,1,4,1,2,2,20,9,4.0,5,0
368,unified,off,21,120,101,0.8417,31,26,0.8387,0,20,20,0,0,1,1,0,0,0,0,0,0,0,0,1,0,20,1,2,1,2,2,20,9,3.95,11,3
368,protect_l,left,21,104,101,0.9712,27,26,0.963,38,20,20,0,0,1,1,0,0,0,0,0,0,0,0,1,0,20,1,2,1,2,2,20,9,3.95,8,0
368,protect_s,symmetric,21,76,101,1.3289,20,26,1.3,50,13,13,0,7,1,8,0,0,0,0,0,0,0,0,1,0,20,1,2,1,2,2,20,9,3.95,8,0
369,unified,off,20,96,65,0.6771,25,17,0.68,0,20,20,0,0,0,0,0,0,0,0,0,0,0,0,0,0,20,2,3,2,2,2,20,10,3.45,10,3
369,protect_l,left,20,108,65,0.6019,28,17,0.6071,43,19,19,0,1,0,1,0,0,0,0,0,0,0,0,0,0,20,2,3,2,2,2,20,10,3.45,7,0
369,protect_s,symmetric,20,84,65,0.7738,22,17,0.7727,57,11,11,0,9,0,9,0,0,0,0,0,0,0,0,0,0,20,2,3,2,2,2,20,10,3.45,7,0
370,unified,off,21,84,125,1.4881,22,32,1.4545,0,2,2,0,18,1,1,0,0,18,37,0,0,0,0,1,0,20,2,1,3,2,2,20,9,3.1,9,6
370,protect_l,left,21,84,125,1.4881,22,32,1.4545,38,20,20,0,0,1,1,0,0,0,0,0,0,0,0,1,0,20,2,1,3,2,2,20,9,3.1,7,0
370,protect_s,symmetric,21,72,125,1.7361,19,32,1.6842,63,20,20,0,0,1,1,0,0,0,0,0,0,0,0,1,0,20,2,1,3,2,2,20,9,3.1,7,0
371,unified,off,21,100,89,0.89,26,23,0.8846,0,2,2,0,18,1,1,0,0,18,35,0,0,0,0,1,0,20,2,4,2,2,2,20,14,3.9,10,6
371,protect_l,left,21,36,89,2.4722,10,23,2.3,17,13,13,0,7,1,8,0,0,0,0,0,0,0,0,1,0,20,2,4,2,2,2,20,14,3.9,2,0
371,protect_s,symmetric,21,16,89,5.5625,5,23,4.6,21,4,4,0,16,1,17,0,0,0,0,0,0,0,0,1,0,20,2,4,2,2,2,20,14,3.9,2,0
372,unified,off,21,68,49,0.7206,18,13,0.7222,0,21,21,0,0,0,0,0,0,0,0,0,0,0,0,0,0,21,1,1,6,2,2,20,7,3.7,9,4
372,protect_l,left,21,44,49,1.1136,12,13,1.0833,15,21,21,0,0,0,0,0,0,0,0,0,0,0,0,0,0,21,1,1,6,2,2,20,7,3.7,4,0
372,protect_s,symmetric,21,32,49,1.5312,9,13,1.4444,22,12,12,0,9,0,9,0,0,0,0,0,0,0,0,0,0,21,1,1,6,2,2,20,7,3.7,4,0
373,unified,off,21,120,81,0.675,31,21,0.6774,0,20,20,0,0,1,1,0,0,0,0,0,0,0,0,1,0,20,2,2,3,2,2,20,7,3.75,11,3
373,protect_l,left,21,100,81,0.81,26,21,0.8077,23,19,19,0,1,1,2,0,0,0,0,0,0,0,0,1,0,20,2,2,3,2,2,20,7,3.75,8,0
373,protect_s,symmetric,21,64,81,1.2656,17,21,1.2353,41,14,14,0,6,1,7,0,0,0,0,0,0,0,0,1,0,20,2,2,3,2,2,20,7,3.75,8,0
374,unified,off,21,92,113,1.2283,24,29,1.2083,0,12,12,0,9,0,0,0,0,9,18,0,0,0,0,0,0,21,2,1,1,2,2,20,9,4.05,11,4
374,protect_l,left,21,88,113,1.2841,23,29,1.2609,39,21,21,0,0,0,0,0,0,0,0,0,0,0,0,0,0,21,2,1,1,2,2,20,9,4.05,8,0
374,protect_s,symmetric,21,68,113,1.6618,18,29,1.6111,58,17,17,0,4,0,4,0,0,0,0,0,0,0,0,0,0,21,2,1,1,2,2,20,9,4.05,8,0
375,unified,off,21,260,241,0.9269,66,61,0.9242,0,20,20,0,0,1,1,0,0,0,14,0,0,0,0,1,0,20,1,4,3,2,2,20,7,3.6,16,6
375,protect_l,left,21,108,241,2.2315,28,61,2.1786,28,10,10,0,10,1,11,0,0,0,0,0,0,0,0,1,0,20,1,4,3,2,2,20,7,3.6,7,0
375,protect_s,symmetric,21,44,241,5.4773,12,61,5.0833,36,7,7,0,13,1,14,0,0,0,0,0,0,0,0,1,0,20,1,4,3,2,2,20,7,3.6,7,0
376,unified,off,21,204,217,1.0637,52,55,1.0577,0,18,18,0,0,3,3,0,0,0,1,0,0,0,0,3,0,18,3,4,1,2,2,20,16,3.95,11,8
376,protect_l,left,21,132,217,1.6439,34,55,1.6176,14,18,18,0,0,3,3,0,0,0,0,0,0,0,0,3,0,18,3,4,1,2,2,20,16,3.95,3,0
376,protect_s,symmetric,21,24,217,9.0417,7,55,7.8571,19,4,4,0,14,3,17,0,0,0,0,0,0,0,0,3,0,18,3,4,1,2,2,20,16,3.95,3,0
377,unified,off,21,116,109,0.9397,30,28,0.9333,0,5,5,0,16,0,0,0,0,16,32,0,0,0,0,0,0,21,3,1,2,2,2,20,13,3.8,9,3
377,protect_l,left,21,88,109,1.2386,23,28,1.2174,20,21,21,0,0,0,0,0,0,0,0,0,0,0,0,0,0,21,3,1,2,2,2,20,13,3.8,5,0
377,protect_s,symmetric,21,64,109,1.7031,17,28,1.6471,49,13,13,0,8,0,8,0,0,0,0,0,0,0,0,0,0,21,3,1,2,2,2,20,13,3.8,5,0
378,unified,off,21,192,137,0.7135,49,35,0.7143,0,21,21,0,0,0,0,0,0,0,0,0,0,0,0,0,0,21,3,3,1,2,2,20,14,3.5,12,8
378,protect_l,left,21,112,137,1.2232,29,35,1.2069,43,20,20,0,1,0,1,0,0,0,0,0,0,0,0,0,0,21,3,3,1,2,2,20,14,3.5,4,0
378,protect_s,symmetric,21,72,137,1.9028,19,35,1.8421,75,18,18,0,3,0,3,0,0,0,0,0,0,0,0,0,0,21,3,3,1,2,2,20,14,3.5,4,0
379,unified,off,20,140,173,1.2357,36,44,1.2222,0,20,20,0,0,0,0,0,0,0,0,0,0,0,0,0,0,20,2,2,1,2,2,20,12,3.6,12,7
379,protect_l,left,20,108,173,1.6019,28,44,1.5714,53,20,20,0,0,0,0,0,0,0,0,0,0,0,0,0,0,20,2,2,1,2,2,20,12,3.6,7,0
379,protect_s,symmetric,20,92,173,1.8804,24,44,1.8333,66,19,19,0,1,0,1,0,0,0,0,0,0,0,0,0,0,20,2,2,1,2,2,20,12,3.6,7,0
380,unified,off,20,60,77,1.2833,16,20,1.25,0,20,20,0,0,0,0,0,0,0,0,0,0,0,0,0,0,20,1,2,2,2,2,20,6,4.05,9,1
380,protect_l,left,20,56,77,1.375,15,20,1.3333,11,20,20,0,0,0,0,0,0,0,0,0,0,0,0,0,0,20,1,2,2,2,2,20,6,4.05,8,0
380,protect_s,symmetric,20,40,77,1.925,11,20,1.8182,18,11,11,0,9,0,9,0,0,0,0,0,0,0,0,0,0,20,1,2,2,2,2,20,6,4.05,8,0
381,unified,off,21,156,121,0.7756,40,31,0.775,0,21,21,0,0,0,0,0,0,0,15,0,0,0,0,0,0,21,1,2,3,2,2,20,6,3.65,12,4
381,protect_l,left,21,108,121,1.1204,28,31,1.1071,24,13,13,0,8,0,8,0,0,0,0,0,0,0,0,0,0,21,1,2,3,2,2,20,6,3.65,5,0
381,protect_s,symmetric,21,64,121,1.8906,17,31,1.8235,39,12,12,0,9,0,9,0,0,0,0,0,0,0,0,0,0,21,1,2,3,2,2,20,6,3.65,5,0
382,unified,off,21,100,81,0.81,26,21,0.8077,0,19,19,0,0,2,2,0,0,0,0,0,0,0,0,2,0,19,1,2,2,2,2,20,4,3.5,12,3
382,protect_l,left,21,92,81,0.8804,24,21,0.875,7,19,19,0,0,2,2,0,0,0,0,0,0,0,0,2,0,19,1,2,2,2,2,20,4,3.5,9,0
382,protect_s,symmetric,21,84,81,0.9643,22,21,0.9545,22,17,17,0,2,2,4,0,0,0,0,0,0,0,0,2,0,19,1,2,2,2,2,20,4,3.5,9,0
383,unified,off,21,176,89,0.5057,45,23,0.5111,0,4,4,0,12,5,17,0,0,0,13,0,0,0,0,5,0,16,3,1,2,2,2,20,14,3.95,13,8
383,protect_l,left,21,96,89,0.9271,25,23,0.92,26,16,16,0,0,5,5,0,0,0,0,0,0,0,0,5,0,16,3,1,2,2,2,20,14,3.95,5,0
383,protect_s,symmetric,21,36,89,2.4722,10,23,2.3,31,6,6,0,10,5,15,0,0,0,0,0,0,0,0,5,0,16,3,1,2,2,2,20,14,3.95,5,0
384,unified,off,21,140,117,0.8357,36,30,0.8333,0,10,10,0,8,3,3,0,0,8,15,0,0,0,0,3,0,18,2,2,2,2,2,20,14,3.85,13,9
384,protect_l,left,21,56,117,2.0893,15,30,2.0,11,14,14,0,4,3,7,0,0,0,0,0,0,0,0,3,0,18,2,2,2,2,2,20,14,3.85,2,0
384,protect_s,symmetric,21,20,117,5.85,6,30,5.0,15,4,4,0,14,3,17,0,0,0,0,0,0,0,0,3,0,18,2,2,2,2,2,20,14,3.85,2,0
385,unified,off,21,132,109,0.8258,34,28,0.8235,0,21,21,0,0,0,0,0,0,0,0,0,0,0,0,0,0,21,2,3,2,2,2,20,14,4.0,13,9
385,protect_l,left,21,52,109,2.0962,14,28,2.0,30,17,17,0,4,0,4,0,0,0,0,0,0,0,0,0,0,21,2,3,2,2,2,20,14,4.0,4,0
385,protect_s,symmetric,21,28,109,3.8929,8,28,3.5,35,5,5,0,16,0,16,0,0,0,0,0,0,0,0,0,0,21,2,3,2,2,2,20,14,4.0,4,0
386,unified,off,20,176,161,0.9148,45,41,0.9111,0,20,20,0,0,0,0,0,0,0,0,0,0,0,0,0,0,20,3,1,3,2,2,20,14,3.3,15,10
386,protect_l,left,20,116,161,1.3879,30,41,1.3667,52,20,20,0,0,0,0,0,0,0,0,0,0,0,0,0,0,20,3,1,3,2,2,20,14,3.3,5,0
386,protect_s,symmetric,20,52,161,3.0962,14,41,2.9286,57,2,2,0,18,0,18,0,0,0,0,0,0,0,0,0,0,20,3,1,3,2,2,20,14,3.3,5,0
387,unified,off,21,84,77,0.9167,22,20,0.9091,0,21,21,0,0,0,0,0,0,0,15,0,0,0,0,0,0,21,2,2,2,2,2,20,11,3.85,10,5
387,protect_l,left,21,72,77,1.0694,19,20,1.0526,29,21,21,0,0,0,0,0,0,0,0,0,0,0,0,0,0,21,2,2,2,2,2,20,11,3.85,6,0
387,protect_s,symmetric,21,60,77,1.2833,16,20,1.25,47,10,10,0,11,0,11,0,0,0,0,0,0,0,0,0,0,21,2,2,2,2,2,20,11,3.85,6,0
388,unified,off,21,104,97,0.9327,27,25,0.9259,0,18,18,0,0,3,3,0,0,0,1,0,0,0,0,3,0,18,1,4,1,2,2,20,6,3.8,9,2
388,protect_l,left,21,88,97,1.1023,23,25,1.087,12,18,18,0,0,3,3,0,0,0,0,0,0,0,0,3,0,18,1,4,1,2,2,20,6,3.8,8,0
388,protect_s,symmetric,21,64,97,1.5156,17,25,1.4706,21,14,14,0,4,3,7,0,0,0,0,0,0,0,0,3,0,18,1,4,1,2,2,20,6,3.8,8,0
389,unified,off,21,76,29,0.3816,20,8,0.4,0,21,21,0,0,0,0,0,0,0,0,0,0,0,0,0,0,21,2,2,1,2,2,20,13,4.25,8,4
389,protect_l,left,21,28,29,1.0357,8,8,1.0,13,21,21,0,0,0,0,0,0,0,0,0,0,0,0,0,0,21,2,2,1,2,2,20,13,4.25,3,0
389,protect_s,symmetric,21,20,29,1.45,6,8,1.3333,20,7,7,0,14,0,14,0,0,0,0,0,0,0,0,0,0,21,2,2,1,2,2,20,13,4.25,3,0
390,unified,off,21,56,69,1.2321,15,18,1.2,0,21,21,0,0,0,0,0,0,0,10,0,0,0,0,0,0,21,1,1,1,2,2,20,7,3.6,9,4
390,protect_l,left,21,52,69,1.3269,14,18,1.2857,13,20,20,0,1,0,1,0,0,0,0,0,0,0,0,0,0,21,1,1,1,2,2,20,7,3.6,7,0
390,protect_s,symmetric,21,52,69,1.3269,14,18,1.2857,28,17,17,0,4,0,4,0,0,0,0,0,0,0,0,0,0,21,1,1,1,2,2,20,7,3.6,7,0
391,unified,off,21,96,53,0.5521,25,14,0.56,0,1,1,0,20,0,0,20,0,0,63,0,0,0,0,0,0,21,2,1,2,2,2,20,14,3.95,10,8
391,protect_l,left,21,52,53,1.0192,14,14,1.0,17,21,21,0,0,0,0,0,0,0,0,0,0,0,0,0,0,21,2,1,2,2,2,20,14,3.95,2,0
391,protect_s,symmetric,21,16,53,3.3125,5,14,2.8,21,5,5,0,16,0,16,0,0,0,0,0,0,0,0,0,0,21,2,1,2,2,2,20,14,3.95,2,0
392,unified,off,20,72,61,0.8472,19,16,0.8421,0,20,20,0,0,0,0,0,0,0,0,0,0,0,0,0,0,20,1,1,3,2,2,20,9,3.8,7,1
392,protect_l,left,20,68,61,0.8971,18,16,0.8889,22,20,20,0,0,0,0,0,0,0,0,0,0,0,0,0,0,20,1,1,3,2,2,20,9,3.8,6,0
392,protect_s,symmetric,20,60,61,1.0167,16,16,1.0,27,20,20,0,0,0,0,0,0,0,0,0,0,0,0,0,0,20,1,1,3,2,2,20,9,3.8,6,0
393,unified,off,21,112,81,0.7232,29,21,0.7241,0,21,21,0,0,0,0,0,0,0,0,0,0,0,0,0,0,21,1,4,3,2,2,20,7,3.6,12,4
393,protect_l,left,21,72,81,1.125,19,21,1.1053,25,21,21,0,0,0,0,0,0,0,0,0,0,0,0,0,0,21,1,4,3,2,2,20,7,3.6,7,0
393,protect_s,symmetric,21,60,81,1.35,16,21,1.3125,34,13,13,0,8,0,8,0,0,0,0,0,0,0,0,0,0,21,1,4,3,2,2,20,7,3.6,7,0
394,unified,off,21,140,109,0.7786,36,28,0.7778,0,17,17,0,1,3,4,0,0,0,6,0,0,0,0,3,0,18,1,4,1,2,2,20,10,3.95,15,8
394,protect_l,left,21,104,109,1.0481,27,28,1.037,22,18,18,0,0,3,3,0,0,0,0,0,0,0,0,3,0,18,1,4,1,2,2,20,10,3.95,9,0
394,protect_s,symmetric,21,72,109,1.5139,19,28,1.4737,27,9,9,0,9,3,12,0,0,0,0,0,0,0,0,3,0,18,1,4,1,2,2,20,10,3.95,9,0
395,unified,off,21,188,181,0.9628,48,46,0.9583,0,14,14,0,5,2,5,0,0,2,16,0,0,0,0,2,0,19,1,3,1,2,2,20,8,4.3,17,6
395,protect_l,left,21,136,181,1.3309,35,46,1.3143,29,16,16,0,3,2,5,0,0,0,0,0,0,0,0,2,0,19,1,3,1,2,2,20,8,4.3,11,0
395,protect_s,symmetric,21,92,181,1.9674,24,46,1.9167,36,10,10,0,9,2,11,0,0,0,0,0,0,0,0,2,0,19,1,3,1,2,2,20,8,4.3,11,0
396,unified,off,21,208,201,0.9663,53,51,0.9623,0,21,21,0,0,0,0,0,0,0,0,0,0,0,0,0,0,21,1,4,3,2,2,20,6,3.75,15,4
396,protect_l,left,21,168,201,1.1964,43,51,1.186,59,21,21,0,0,0,0,0,0,0,0,0,0,0,0,0,0,21,1,4,3,2,2,20,6,3.75,12,0
396,protect_s,symmetric,21,132,201,1.5227,34,51,1.5,64,9,9,0,12,0,12,0,0,0,0,0,0,0,0,0,0,21,1,4,3,2,2,20,6,3.75,12,0
397,unified,off,21,128,125,0.9766,33,32,0.9697,0,13,13,0,8,0,0,0,0,8,25,0,0,0,0,0,0,21,1,4,2,2,2,20,5,3.55,14,4
397,protect_l,left,21,84,125,1.4881,22,32,1.4545,28,21,21,0,0,0,0,0,0,0,0,0,0,0,0,0,0,21,1,4,2,2,2,20,5,3.55,11,0
397,protect_s,symmetric,21,72,125,1.7361,19,32,1.6842,38,14,14,0,7,0,7,0,0,0,0,0,0,0,0,0,0,21,1,4,2,2,2,20,5,3.55,11,0
398,unified,off,21,64,53,0.8281,17,14,0.8235,0,21,21,0,0,0,0,0,0,0,0,0,0,0,0,0,0,21,2,2,2,2,2,20,12,3.95,9,4
398,protect_l,left,21,52,53,1.0192,14,14,1.0,38,21,21,0,0,0,0,0,0,0,0,0,0,0,0,0,0,21,2,2,2,2,2,20,12,3.95,5,0
398,protect_s,symmetric,21,48,53,1.1042,13,14,1.0769,44,7,7,0,14,0,14,0,0,0,0,0,0,0,0,0,0,21,2,2,2,2,2,20,12,3.95,5,0
399,unified,off,21,168,137,0.8155,43,35,0.814,0,4,4,0,16,1,1,0,0,16,39,0,0,0,0,1,0,20,2,2,1,2,2,20,14,3.85,14,9
399,protect_l,left,21,80,137,1.7125,21,35,1.6667,21,20,20,0,0,1,1,0,0,0,0,0,0,0,0,1,0,20,2,2,1,2,2,20,14,3.85,5,0
399,protect_s,symmetric,21,28,137,4.8929,8,35,4.375,26,7,7,0,13,1,14,0,0,0,0,0,0,0,0,1,0,20,2,2,1,2,2,20,14,3.85,5,0
400,unified,off,21,112,81,0.7232,29,21,0.7241,0,21,21,0,0,0,0,0,0,0,0,0,0,0,0,0,0,21,3,1,3,2,2,20,14,3.25,11,6
400,protect_l,left,21,72,81,1.125,19,21,1.1053,48,21,21,0,0,0,0,0,0,0,0,0,0,0,0,0,0,21,3,1,3,2,2,20,14,3.25,5,0
400,protect_s,symmetric,21,52,81,1.5577,14,21,1.5,59,8,8,0,13,0,13,0,0,0,0,0,0,0,0,0,0,21,3,1,3,2,2,20,14,3.25,5,0
401,unified,off,21,68,73,1.0735,18,19,1.0556,0,21,21,0,0,0,0,0,0,0,0,0,0,0,0,0,0,21,2,1,4,2,2,20,9,3.95,10,5
401,protect_l,left,21,36,73,2.0278,10,19,1.9,18,14,14,0,7,0,7,0,0,0,0,0,0,0,0,0,0,21,2,1,4,2,2,20,9,3.95,4,0
401,protect_s,symmetric,21,28,73,2.6071,8,19,2.375,28,5,5,0,16,0,16,0,0,0,0,0,0,0,0,0,0,21,2,1,4,2,2,20,9,3.95,4,0
402,unified,off,21,100,65,0.65,26,17,0.6538,0,21,21,0,0,0,0,0,0,0,0,0,0,0,0,0,0,21,2,3,3,2,2,20,7,3.45,10,3
402,protect_l,left,21,160,65,0.4062,41,17,0.4146,44,21,21,0,0,0,0,0,0,0,0,0,0,0,0,0,0,21,2,3,3,2,2,20,7,3.45,8,0
402,protect_s,symmetric,21,136,65,0.4779,35,17,0.4857,52,4,4,0,17,0,17,0,0,0,0,0,0,0,0,0,0,21,2,3,3,2,2,20,7,3.45,8,0
403,unified,off,21,228,201,0.8816,58,51,0.8793,0,21,21,0,0,0,0,0,0,0,0,0,0,0,0,0,0,21,2,2,3,2,2,20,11,3.5,15,8
403,protect_l,left,21,160,201,1.2563,41,51,1.2439,50,21,21,0,0,0,0,0,0,0,0,0,0,0,0,0,0,21,2,2,3,2,2,20,11,3.5,8,0
403,protect_s,symmetric,21,88,201,2.2841,23,51,2.2174,58,7,7,0,14,0,14,0,0,0,0,0,0,0,0,0,0,21,2,2,3,2,2,20,11,3.5,8,0
404,unified,off,20,156,137,0.8782,40,35,0.875,0,19,19,0,0,1,1,0,0,0,0,0,0,0,0,1,0,19,1,1,6,2,2,20,6,3.8,13,2
404,protect_l,left,20,140,137,0.9786,36,35,0.9722,31,19,19,0,0,1,1,0,0,0,0,0,0,0,0,1,0,19,1,1,6,2,2,20,6,3.8,11,0
404,protect_s,symmetric,20,116,137,1.181,30,35,1.1667,48,15,15,0,4,1,5,0,0,0,0,0,0,0,0,1,0,19,1,1,6,2,2,20,6,3.8,11,0
405,unified,off,21,40,25,0.625,11,7,0.6364,0,21,21,0,0,0,0,0,0,0,2,0,0,0,0,0,0,21,1,2,1,2,2,20,8,3.65,3,1
405,protect_l,left,21,36,25,0.6944,10,7,0.7,9,21,21,0,0,0,0,0,0,0,0,0,0,0,0,0,0,21,1,2,1,2,2,20,8,3.65,2,0
405,protect_s,symmetric,21,32,25,0.7812,9,7,0.7778,20,21,21,0,0,0,0,0,0,0,0,0,0,0,0,0,0,21,1,2,1,2,2,20,8,3.65,2,0
406,unified,off,21,96,89,0.9271,25,23,0.92,0,21,21,0,0,0,0,0,0,0,3,0,0,0,0,0,0,21,1,2,1,2,2,20,8,3.7,8,4
406,protect_l,left,21,40,89,2.225,11,23,2.0909,8,21,21,0,0,0,0,0,0,0,0,0,0,0,0,0,0,21,1,2,1,2,2,20,8,3.7,2,0
406,protect_s,symmetric,21,28,89,3.1786,8,23,2.875,25,21,21,0,0,0,0,0,0,0,0,0,0,0,0,0,0,21,1,2,1,2,2,20,8,3.7,2,0
407,unified,off,21,88,65,0.7386,23,17,0.7391,0,21,21,0,0,0,0,0,0,0,0,0,0,0,0,0,0,21,1,1,4,2,2,20,5,3.75,9,0
407,protect_l,left,21,88,65,0.7386,23,17,0.7391,8,21,21,0,0,0,0,0,0,0,0,0,0,0,0,0,0,21,1,1,4,2,2,20,5,3.75,9,0
407,protect_s,symmetric,21,68,65,0.9559,18,17,0.9444,20,14,14,0,7,0,7,0,0,0,0,0,0,0,0,0,0,21,1,1,4,2,2,20,5,3.75,9,0
408,unified,off,21,240,173,0.7208,61,44,0.7213,0,12,12,0,8,1,1,0,0,8,16,0,0,0,0,1,0,20,1,2,5,2,2,20,5,3.4,14,3
408,protect_l,left,21,136,173,1.2721,35,44,1.2571,18,12,12,0,8,1,9,0,0,0,0,0,0,0,0,1,0,20,1,2,5,2,2,20,5,3.4,7,0
408,protect_s,symmetric,21,96,173,1.8021,25,44,1.76,25,11,11,0,9,1,10,0,0,0,0,0,0,0,0,1,0,20,1,2,5,2,2,20,5,3.4,7,0
409,unified,off,21,88,105,1.1932,23,27,1.1739,0,7,7,0,14,0,0,0,0,14,28,0,0,0,0,0,0,21,2,2,1,2,2,20,11,3.35,10,6
409,protect_l,left,21,56,105,1.875,15,27,1.8,26,21,21,0,0,0,0,0,0,0,0,0,0,0,0,0,0,21,2,2,1,2,2,20,11,3.35,4,0
409,protect_s,symmetric,21,48,105,2.1875,13,27,2.0769,59,17,17,0,4,0,4,0,0,0,0,0,0,0,0,0,0,21,2,2,1,2,2,20,11,3.35,4,0
410,unified,off,21,160,101,0.6312,41,26,0.6341,0,21,21,0,0,0,0,0,0,0,5,0,0,0,0,0,0,21,2,2,1,2,2,20,12,3.7,16,9
410,protect_l,left,21,88,101,1.1477,23,26,1.1304,54,20,20,0,1,0,1,0,0,0,0,0,0,0,0,0,0,21,2,2,1,2,2,20,12,3.7,6,0
410,protect_s,symmetric,21,60,101,1.6833,16,26,1.625,64,7,7,0,14,0,14,0,0,0,0,0,0,0,0,0,0,21,2,2,1,2,2,20,12,3.7,6,0
411,unified,off,21,72,53,0.7361,19,14,0.7368,0,21,21,0,0,0,0,0,0,0,0,0,0,0,0,0,0,21,1,5,3,2,2,20,7,3.7,9,3
411,protect_l,left,21,76,53,0.6974,20,14,0.7,21,14,14,0,7,0,7,0,0,0,0,0,0,0,0,0,0,21,1,5,3,2,2,20,7,3.7,10,0
411,protect_s,symmetric,21,72,53,0.7361,19,14,0.7368,26,8,8,0,13,0,13,0,0,0,0,0,0,0,0,0,0,21,1,5,3,2,2,20,7,3.7,10,0
412,unified,off,21,168,209,1.244,43,53,1.2326,0,18,18,0,0,3,3,0,0,0,9,0,0,0,0,3,0,18,3,1,1,2,2,20,14,3.85,14,8
412,protect_l,left,21,104,209,2.0096,27,53,1.963,23,10,10,0,8,3,11,0,0,0,0,0,0,0,0,3,0,18,3,1,1,2,2,20,14,3.85,4,0
412,protect_s,symmetric,21,52,209,4.0192,14,53,3.7857,37,11,11,0,7,3,10,0,0,0,0,0,0,0,0,3,0,18,3,1,1,2,2,20,14,3.85,4,0
413,unified,off,21,60,33,0.55,16,9,0.5625,0,21,21,0,0,0,0,0,0,0,0,0,0,0,0,0,0,21,2,2,3,2,2,20,11,3.55,8,6
413,protect_l,left,21,36,33,0.9167,10,9,0.9,30,21,21,0,0,0,0,0,0,0,0,0,0,0,0,0,0,21,2,2,3,2,2,20,11,3.55,5,0
413,protect_s,symmetric,21,32,33,1.0312,9,9,1.0,39,7,7,0,14,0,14,0,0,0,0,0,0,0,0,0,0,21,2,2,3,2,2,20,11,3.55,5,0
414,unified,off,21,132,101,0.7652,34,26,0.7647,0,10,10,0,11,0,0,0,0,11,30,0,0,0,0,0,0,21,1,2,2,2,2,20,6,3.95,11,4
414,protect_l,left,21,60,101,1.6833,16,26,1.625,5,11,11,0,10,0,10,0,0,0,0,0,0,0,0,0,0,21,1,2,2,2,2,20,6,3.95,2,0
414,protect_s,symmetric,21,28,101,3.6071,8,26,3.25,24,10,10,0,11,0,11,0,0,0,0,0,0,0,0,0,0,21,1,2,2,2,2,20,6,3.95,2,0
415,unified,off,21,120,85,0.7083,31,22,0.7097,0,1,1,0,20,0,0,0,0,20,40,0,0,0,0,0,0,21,4,2,2,2,2,20,15,4.35,10,7
415,protect_l,left,21,76,85,1.1184,20,22,1.1,35,20,20,0,1,0,1,0,0,0,0,0,0,0,0,0,0,21,4,2,2,2,2,20,15,4.35,3,0
415,protect_s,symmetric,21,28,85,3.0357,8,22,2.75,40,2,2,0,19,0,19,0,0,0,0,0,0,0,0,0,0,21,4,2,2,2,2,20,15,4.35,3,0
416,unified,off,21,196,197,1.0051,50,50,1.0,0,20,20,0,0,1,1,0,0,0,1,0,0,0,0,1,0,20,1,1,5,2,2,20,8,3.85,13,3
416,protect_l,left,21,156,197,1.2628,40,50,1.25,36,20,20,0,0,1,1,0,0,0,0,0,0,0,0,1,0,20,1,1,5,2,2,20,8,3.85,10,0
416,protect_s,symmetric,21,100,197,1.97,26,50,1.9231,41,10,10,0,10,1,11,0,0,0,0,0,0,0,0,1,0,20,1,1,5,2,2,20,8,3.85,10,0
417,unified,off,21,124,181,1.4597,32,46,1.4375,0,19,19,0,0,2,2,0,0,0,0,0,0,0,0,2,0,19,4,1,2,2,2,20,16,4.0,11,8
417,protect_l,left,21,100,181,1.81,26,46,1.7692,20,19,19,0,0,2,2,0,0,0,0,0,0,0,0,2,0,19,4,1,2,2,2,20,16,4.0,3,0
417,protect_s,symmetric,21,40,181,4.525,11,46,4.1818,27,8,8,0,11,2,13,0,0,0,0,0,0,0,0,2,0,19,4,1,2,2,2,20,16,4.0,3,0
418,unified,off,21,88,97,1.1023,23,25,1.087,0,2,2,0,18,1,1,0,0,18,36,0,0,0,0,1,0,20,2,1,1,2,2,20,10,3.4,5,3
418,protect_l,left,21,88,97,1.1023,23,25,1.087,37,20,20,0,0,1,1,0,0,0,0,0,0,0,0,1,0,20,2,1,1,2,2,20,10,3.4,6,0
418,protect_s,symmetric,21,44,97,2.2045,12,25,2.0833,42,6,6,0,14,1,15,0,0,0,0,0,0,0,0,1,0,20,2,1,1,2,2,20,10,3.4,6,0
419,unified,off,21,152,117,0.7697,39,30,0.7692,0,21,21,0,0,0,0,0,0,0,0,0,0,0,0,0,0,21,3,4,1,2,2,20,16,3.95,7,5
419,protect_l,left,21,108,117,1.0833,28,30,1.0714,12,21,21,0,0,0,0,0,0,0,0,0,0,0,0,0,0,21,3,4,1,2,2,20,16,3.95,1,0
419,protect_s,symmetric,21,24,117,4.875,7,30,4.2857,19,11,11,0,10,0,10,0,0,0,0,0,0,0,0,0,0,21,3,4,1,2,2,20,16,3.95,1,0
420,unified,off,21,40,29,0.725,11,8,0.7273,0,21,21,0,0,0,0,0,0,0,0,0,0,0,0,0,0,21,1,3,2,2,2,20,5,3.4,4,2
420,protect_l,left,21,28,29,1.0357,8,8,1.0,6,21,21,0,0,0,0,0,0,0,0,0,0,0,0,0,0,21,1,3,2,2,2,20,5,3.4,2,0
420,protect_s,symmetric,21,20,29,1.45,6,8,1.3333,16,15,15,0,6,0,6,0,0,0,0,0,0,0,0,0,0,21,1,3,2,2,2,20,5,3.4,2,0
421,unified,off,21,84,81,0.9643,22,21,0.9545,0,1,1,0,20,0,0,0,0,20,43,0,0,0,0,0,0,21,3,2,2,2,2,20,14,3.95,7,4
421,protect_l,left,21,48,81,1.6875,13,21,1.6154,18,3,3,0,18,0,18,0,0,0,0,0,0,0,0,0,0,21,3,2,2,2,2,20,14,3.95,2,0
421,protect_s,symmetric,21,24,81,3.375,7,21,3.0,36,11,11,0,10,0,10,0,0,0,0,0,0,0,0,0,0,21,3,2,2,2,2,20,14,3.95,2,0
422,unified,off,21,152,165,1.0855,39,42,1.0769,0,16,16,0,2,3,5,0,0,0,4,0,0,0,0,3,0,18,1,2,2,2,2,20,8,3.4,12,5
422,protect_l,left,21,120,165,1.375,31,42,1.3548,46,18,18,0,0,3,3,0,0,0,0,0,0,0,0,3,0,18,1,2,2,2,2,20,8,3.4,7,0
422,protect_s,symmetric,21,92,165,1.7935,24,42,1.75,52,12,12,0,6,3,9,0,0,0,0,0,0,0,0,3,0,18,1,2,2,2,2,20,8,3.4,7,0
423,unified,off,21,120,185,1.5417,31,47,1.5161,0,19,19,0,0,2,2,0,0,0,3,0,0,0,0,2,0,19,2,2,1,2,2,20,10,3.5,10,5
423,protect_l,left,21,104,185,1.7788,27,47,1.7407,32,19,19,0,0,2,2,0,0,0,0,0,0,0,0,2,0,19,2,2,1,2,2,20,10,3.5,7,0
423,protect_s,symmetric,21,68,185,2.7206,18,47,2.6111,52,14,14,0,5,2,7,0,0,0,0,0,0,0,0,2,0,19,2,2,1,2,2,20,10,3.5,7,0
424,unified,off,21,232,41,0.1767,59,11,0.1864,0,3,3,0,1,17,11,0,0,7,14,0,0,0,0,17,0,4,2,3,2,2,2,20,10,3.9,14,7
424,protect_l,left,21,104,41,0.3942,27,11,0.4074,15,4,4,0,0,17,17,0,0,0,0,0,0,0,0,17,0,4,2,3,2,2,2,20,10,3.9,4,0
424,protect_s,symmetric,21,32,41,1.2812,9,11,1.2222,24,3,3,0,1,17,18,0,0,0,0,0,0,0,0,17,0,4,2,3,2,2,2,20,10,3.9,4,0
425,unified,off,20,56,57,1.0179,15,15,1.0,0,20,20,0,0,0,0,0,0,0,0,0,0,0,0,0,0,20,1,2,2,2,2,20,8,3.95,10,3
425,protect_l,left,20,40,57,1.425,11,15,1.3636,13,20,20,0,0,0,0,0,0,0,0,0,0,0,0,0,0,20,1,2,2,2,2,20,8,3.95,7,0
425,protect_s,symmetric,20,40,57,1.425,11,15,1.3636,18,20,20,0,0,0,0,0,0,0,0,0,0,0,0,0,0,20,1,2,2,2,2,20,8,3.95,7,0
426,unified,off,20,240,209,0.8708,61,53,0.8689,0,16,16,0,1,3,4,0,0,0,0,0,0,0,0,3,0,17,1,6,2,2,2,20,11,3.7,16,9
426,protect_l,left,20,72,209,2.9028,19,53,2.7895,25,16,16,0,1,3,4,0,0,0,0,0,0,0,0,3,0,17,1,6,2,2,2,20,11,3.7,5,0
426,protect_s,symmetric,20,40,209,5.225,11,53,4.8182,39,12,12,0,5,3,8,0,0,0,0,0,0,0,0,3,0,17,1,6,2,2,2,20,11,3.7,5,0
427,unified,off,21,196,257,1.3112,50,65,1.3,0,21,21,0,0,0,0,0,0,0,7,0,0,0,0,0,0,21,1,1,3,2,2,20,11,3.25,17,9
427,protect_l,left,21,116,257,2.2155,30,65,2.1667,89,16,16,0,5,0,5,0,0,0,0,0,0,0,0,0,0,21,1,1,3,2,2,20,11,3.25,8,0
427,protect_s,symmetric,21,104,257,2.4712,27,65,2.4074,101,13,13,0,8,0,8,0,0,0,0,0,0,0,0,0,0,21,1,1,3,2,2,20,11,3.25,8,0
428,unified,off,21,80,81,1.0125,21,21,1.0,0,21,21,0,0,0,0,0,0,0,1,0,0,0,0,0,0,21,2,3,1,2,2,20,15,3.85,6,4
428,protect_l,left,21,80,81,1.0125,21,21,1.0,37,21,21,0,0,0,0,0,0,0,0,0,0,0,0,0,0,21,2,3,1,2,2,20,15,3.85,5,0
428,protect_s,symmetric,21,48,81,1.6875,13,21,1.6154,45,8,8,0,13,0,13,0,0,0,0,0,0,0,0,0,0,21,2,3,1,2,2,20,15,3.85,5,0
429,unified,off,21,92,85,0.9239,24,22,0.9167,0,18,18,0,2,1,1,0,0,2,3,0,0,0,0,1,0,20,1,4,1,2,2,20,8,3.8,12,4
429,protect_l,left,21,64,85,1.3281,17,22,1.2941,10,20,20,0,0,1,1,0,0,0,0,0,0,0,0,1,0,20,1,4,1,2,2,20,8,3.8,6,0
429,protect_s,symmetric,21,40,85,2.125,11,22,2.0,14,7,7,0,13,1,14,0,0,0,0,0,0,0,0,1,0,20,1,4,1,2,2,20,8,3.8,6,0
430,unified,off,21,124,73,0.5887,32,19,0.5938,0,17,17,0,0,4,4,0,0,0,4,0,0,0,0,4,0,17,3,3,1,2,2,20,13,3.9,11,7
430,protect_l,left,21,64,73,1.1406,17,19,1.1176,15,17,17,0,0,4,4,0,0,0,0,0,0,0,0,4,0,17,3,3,1,2,2,20,13,3.9,3,0
430,protect_s,symmetric,21,32,73,2.2812,9,19,2.1111,25,6,6,0,11,4,15,0,0,0,0,0,0,0,0,4,0,17,3,3,1,2,2,20,13,3.9,3,0
431,unified,off,21,120,129,1.075,31,33,1.0645,0,2,2,0,19,0,0,0,0,19,37,0,0,0,0,0,0,21,2,2,3,2,2,20,14,3.7,11,6
431,protect_l,left,21,64,129,2.0156,17,33,1.9412,21,7,7,0,14,0,14,0,0,0,0,0,0,0,0,0,0,21,2,2,3,2,2,20,14,3.7,4,0
431,protect_s,symmetric,21,24,129,5.375,7,33,4.7143,26,3,3,0,18,0,18,0,0,0,0,0,0,0,0,0,0,21,2,2,3,2,2,20,14,3.7,4,0
432,unified,off,21,312,265,0.8494,79,67,0.8481,0,12,12,0,9,0,0,0,0,9,24,0,0,0,0,0,0,21,1,2,4,2,2,20,7,3.95,15,6
432,protect_l,left,21,84,265,3.1548,22,67,3.0455,19,12,12,0,9,0,9,0,0,0,0,0,0,0,0,0,0,21,1,2,4,2,2,20,7,3.95,2,0
432,protect_s,symmetric,21,20,265,13.25,6,67,11.1667,24,3,3,0,18,0,18,0,0,0,0,0,0,0,0,0,0,21,1,2,4,2,2,20,7,3.95,2,0
433,unified,off,21,228,213,0.9342,58,54,0.931,0,20,20,0,0,1,1,0,0,0,0,0,0,0,0,1,0,20,2,3,2,2,2,20,14,3.6,16,11
433,protect_l,left,21,104,213,2.0481,27,54,2.0,31,19,19,0,1,1,2,0,0,0,0,0,0,0,0,1,0,20,2,3,2,2,2,20,14,3.6,6,0
433,protect_s,symmetric,21,48,213,4.4375,13,54,4.1538,42,10,10,0,10,1,11,0,0,0,0,0,0,0,0,1,0,20,2,3,2,2,2,20,14,3.6,6,0
434,unified,off,21,48,41,0.8542,13,11,0.8462,0,21,21,0,0,0,0,0,0,0,0,0,0,0,0,0,0,21,2,1,3,2,2,20,10,3.35,4,0
434,protect_l,left,21,48,41,0.8542,13,11,0.8462,12,21,21,0,0,0,0,0,0,0,0,0,0,0,0,0,0,21,2,1,3,2,2,20,10,3.35,4,0
434,protect_s,symmetric,21,36,41,1.1389,10,11,1.1,28,13,13,0,8,0,8,0,0,0,0,0,0,0,0,0,0,21,2,1,3,2,2,20,10,3.35,4,0
435,unified,off,21,156,141,0.9038,40,36,0.9,0,1,1,0,20,0,1,0,0,19,39,0,0,0,0,0,0,21,2,3,3,2,2,20,10,3.95,14,8
435,protect_l,left,21,48,141,2.9375,13,36,2.7692,9,2,2,0,19,0,19,0,0,0,0,0,0,0,0,0,0,21,2,3,3,2,2,20,10,3.95,4,0
435,protect_s,symmetric,21,32,141,4.4062,9,36,4.0,19,2,2,0,19,0,19,0,0,0,0,0,0,0,0,0,0,21,2,3,3,2,2,20,10,3.95,4,0
436,unified,off,21,112,89,0.7946,29,23,0.7931,0,21,21,0,0,0,0,0,0,0,0,0,0,0,0,0,0,21,1,4,1,2,2,20,7,3.9,13,2
436,protect_l,left,21,108,89,0.8241,28,23,0.8214,29,21,21,0,0,0,0,0,0,0,0,0,0,0,0,0,0,21,1,4,1,2,2,20,7,3.9,11,0
436,protect_s,symmetric,21,88,89,1.0114,23,23,1.0,45,17,17,0,4,0,4,0,0,0,0,0,0,0,0,0,0,21,1,4,1,2,2,20,7,3.9,11,0
437,unified,off,21,52,57,1.0962,14,15,1.0714,0,21,21,0,0,0,0,0,0,0,11,0,0,0,0,0,0,21,2,1,2,2,2,20,11,3.55,6,2
437,protect_l,left,21,44,57,1.2955,12,15,1.25,13,21,21,0,0,0,0,0,0,0,0,0,0,0,0,0,0,21,2,1,2,2,2,20,11,3.55,4,0
437,protect_s,symmetric,21,40,57,1.425,11,15,1.3636,33,14,14,0,7,0,7,0,0,0,0,0,0,0,0,0,0,21,2,1,2,2,2,20,11,3.55,4,0
438,unified,off,21,68,69,1.0147,18,18,1.0,0,21,21,0,0,0,0,0,0,0,0,0,0,0,0,0,0,21,1,1,2,2,2,20,6,3.4,8,3
438,protect_l,left,21,64,69,1.0781,17,18,1.0588,23,21,21,0,0,0,0,0,0,0,0,0,0,0,0,0,0,21,1,1,2,2,2,20,6,3.4,8,0
438,protect_s,symmetric,21,52,69,1.3269,14,18,1.2857,33,21,21,0,0,0,0,0,0,0,0,0,0,0,0,0,0,21,1,1,2,2,2,20,6,3.4,8,0
439,unified,off,21,140,105,0.75,36,27,0.75,0,21,21,0,0,0,0,0,0,0,1,0,0,0,0,0,0,21,2,4,1,2,2,20,8,3.25,13,5
439,protect_l,left,21,104,105,1.0096,27,27,1.0,35,21,21,0,0,0,0,0,0,0,0,0,0,0,0,0,0,21,2,4,1,2,2,20,8,3.25,8,0
439,protect_s,symmetric,21,60,105,1.75,16,27,1.6875,44,7,7,0,14,0,14,0,0,0,0,0,0,0,0,0,0,21,2,4,1,2,2,20,8,3.25,8,0
440,unified,off,20,280,237,0.8464,71,60,0.8451,0,2,2,0,17,1,1,0,0,17,36,0,0,0,0,1,0,19,1,3,3,2,2,20,7,3.45,16,3
440,protect_l,left,20,208,237,1.1394,53,60,1.1321,32,19,19,0,0,1,1,0,0,0,0,0,0,0,0,1,0,19,1,3,3,2,2,20,7,3.45,12,0
440,protect_s,symmetric,20,176,237,1.3466,45,60,1.3333,40,12,12,0,7,1,8,0,0,0,0,0,0,0,0,1,0,19,1,3,3,2,2,20,7,3.45,12,0
441,unified,off,20,176,145,0.8239,45,37,0.8222,0,20,20,0,0,0,0,0,0,0,1,0,0,0,0,0,0,20,1,1,5,2,2,20,8,3.7,16,4
441,protect_l,left,20,156,145,0.9295,40,37,0.925,24,20,20,0,0,0,0,0,0,0,0,0,0,0,0,0,0,20,1,1,5,2,2,20,8,3.7,12,0
441,protect_s,symmetric,20,116,145,1.25,30,37,1.2333,36,12,12,0,8,0,8,0,0,0,0,0,0,0,0,0,0,20,1,1,5,2,2,20,8,3.7,12,0
442,unified,off,21,248,209,0.8427,63,53,0.8413,0,20,20,0,0,1,1,0,0,0,1,0,0,0,0,1,0,20,3,3,1,2,2,20,11,3.55,13,5
442,protect_l,left,21,180,209,1.1611,46,53,1.1522,38,20,20,0,0,1,1,0,0,0,0,0,0,0,0,1,0,20,3,3,1,2,2,20,11,3.55,7,0
442,protect_s,symmetric,21,96,209,2.1771,25,53,2.12,58,10,10,0,10,1,11,0,0,0,0,0,0,0,0,1,0,20,3,3,1,2,2,20,11,3.55,7,0
443,unified,off,21,204,177,0.8676,52,45,0.8654,0,18,18,0,0,3,3,0,0,0,6,0,0,0,0,3,0,18,3,2,2,2,2,20,10,3.15,15,7
443,protect_l,left,21,104,177,1.7019,27,45,1.6667,24,18,18,0,0,3,3,0,0,0,0,0,0,0,0,3,0,18,3,2,2,2,2,20,10,3.15,8,0
443,protect_s,symmetric,21,56,177,3.1607,15,45,3.0,39,13,13,0,5,3,8,0,0,0,0,0,0,0,0,3,0,18,3,2,2,2,2,20,10,3.15,8,0
444,unified,off,21,84,61,0.7262,22,16,0.7273,0,12,12,0,7,2,2,0,0,7,15,0,0,0,0,2,0,19,1,5,1,2,2,20,10,3.8,7,4
444,protect_l,left,21,68,61,0.8971,18,16,0.8889,15,19,19,0,0,2,2,0,0,0,0,0,0,0,0,2,0,19,1,5,1,2,2,20,10,3.8,4,0
444,protect_s,symmetric,21,24,61,2.5417,7,16,2.2857,21,6,6,0,13,2,15,0,0,0,0,0,0,0,0,2,0,19,1,5,1,2,2,20,10,3.8,4,0
445,unified,off,21,156,149,0.9551,40,38,0.95,0,21,21,0,0,0,0,0,0,0,8,0,0,0,0,0,0,21,1,3,2,2,2,20,7,3.55,13,5
445,protect_l,left,21,120,149,1.2417,31,38,1.2258,43,21,21,0,0,0,0,0,0,0,0,0,0,0,0,0,0,21,1,3,2,2,2,20,7,3.55,7,0
445,protect_s,symmetric,21,88,149,1.6932,23,38,1.6522,50,11,11,0,10,0,10,0,0,0,0,0,0,0,0,0,0,21,1,3,2,2,2,20,7,3.55,7,0
446,unified,off,20,188,153,0.8138,48,39,0.8125,0,20,20,0,0,0,0,0,0,0,16,0,0,0,0,0,0,20,4,3,2,2,2,20,14,3.6,16,12
446,protect_l,left,20,64,153,2.3906,17,39,2.2941,26,15,15,0,5,0,5,0,0,0,0,0,0,0,0,0,0,20,4,3,2,2,2,20,14,3.6,4,0
446,protect_s,symmetric,20,32,153,4.7812,9,39,4.3333,38,12,12,0,8,0,8,0,0,0,0,0,0,0,0,0,0,20,4,3,2,2,2,20,14,3.6,4,0
447,unified,off,21,148,181,1.223,38,46,1.2105,0,1,1,0,20,0,0,0,0,20,52,0,0,0,0,0,0,21,1,1,3,2,2,20,6,3.8,11,5
447,protect_l,left,21,120,181,1.5083,31,46,1.4839,37,21,21,0,0,0,0,0,0,0,0,0,0,0,0,0,0,21,1,1,3,2,2,20,6,3.8,8,0
447,protect_s,symmetric,21,88,181,2.0568,23,46,2.0,44,14,14,0,7,0,7,0,0,0,0,0,0,0,0,0,0,21,1,1,3,2,2,20,6,3.8,8,0
448,unified,off,21,204,233,1.1422,52,59,1.1346,0,21,21,0,0,0,0,0,0,0,1,0,0,0,0,0,0,21,2,3,1,2,2,20,10,3.7,13,6
448,protect_l,left,21,176,233,1.3239,45,59,1.3111,72,21,21,0,0,0,0,0,0,0,0,0,0,0,0,0,0,21,2,3,1,2,2,20,10,3.7,9,0
448,protect_s,symmetric,21,88,233,2.6477,23,59,2.5652,87,8,8,0,13,0,13,0,0,0,0,0,0,0,0,0,0,21,2,3,1,2,2,20,10,3.7,9,0
449,unified,off,20,116,93,0.8017,30,24,0.8,0,7,7,0,10,3,13,0,0,0,10,0,0,0,0,3,0,17,1,4,3,2,2,20,8,3.6,10,3
449,protect_l,left,20,88,93,1.0568,23,24,1.0435,25,17,17,0,0,3,3,0,0,0,0,0,0,0,0,3,0,17,1,4,3,2,2,20,8,3.6,8,0
449,protect_s,symmetric,20,84,93,1.1071,22,24,1.0909,32,9,9,0,8,3,11,0,0,0,0,0,0,0,0,3,0,17,1,4,3,2,2,20,8,3.6,8,0
450,unified,off,21,152,133,0.875,39,34,0.8718,0,17,17,0,0,4,3,0,0,1,2,0,0,0,0,4,0,17,2,1,2,2,2,20,12,3.8,15,8
450,protect_l,left,21,124,133,1.0726,32,34,1.0625,30,17,17,0,0,4,4,0,0,0,0,0,0,0,0,4,0,17,2,1,2,2,2,20,12,3.8,7,0
450,protect_s,symmetric,21,60,133,2.2167,16,34,2.125,37,6,6,0,11,4,15,0,0,0,0,0,0,0,0,4,0,17,2,1,2,2,2,20,12,3.8,7,0
451,unified,off,21,80,77,0.9625,21,20,0.9524,0,21,21,0,0,0,0,0,0,0,0,0,0,0,0,0,0,21,1,4,2,2,2,20,9,4.25,10,2
451,protect_l,left,21,68,77,1.1324,18,20,1.1111,10,21,21,0,0,0,0,0,0,0,0,0,0,0,0,0,0,21,1,4,2,2,2,20,9,4.25,8,0
451,protect_s,symmetric,21,64,77,1.2031,17,20,1.1765,16,10,10,0,11,0,11,0,0,0,0,0,0,0,0,0,0,21,1,4,2,2,2,20,9,4.25,8,0
452,unified,off,21,124,129,1.0403,32,33,1.0312,0,21,21,0,0,0,0,0,0,0,0,0,0,0,0,0,0,21,1,5,1,2,2,20,6,3.75,12,4
452,protect_l,left,21,88,129,1.4659,23,33,1.4348,28,21,21,0,0,0,0,0,0,0,0,0,0,0,0,0,0,21,1,5,1,2,2,20,6,3.75,8,0
452,protect_s,symmetric,21,60,129,2.15,16,33,2.0625,35,10,10,0,11,0,11,0,0,0,0,0,0,0,0,0,0,21,1,5,1,2,2,20,6,3.75,8,0
453,unified,off,21,168,169,1.006,43,43,1.0,0,21,21,0,0,0,0,0,0,0,4,0,0,0,0,0,0,21,2,1,2,2,2,20,12,3.5,12,7
453,protect_l,left,21,152,169,1.1118,39,43,1.1026,44,20,20,0,1,0,1,0,0,0,0,0,0,0,0,0,0,21,2,1,2,2,2,20,12,3.5,7,0
453,protect_s,symmetric,21,120,169,1.4083,31,43,1.3871,83,14,14,0,7,0,7,0,0,0,0,0,0,0,0,0,0,21,2,1,2,2,2,20,12,3.5,7,0
454,unified,off,21,132,105,0.7955,34,27,0.7941,0,21,21,0,0,0,0,0,0,0,0,0,0,0,0,0,0,21,1,5,2,2,2,20,8,3.7,14,5
454,protect_l,left,21,80,105,1.3125,21,27,1.2857,27,21,21,0,0,0,0,0,0,0,0,0,0,0,0,0,0,21,1,5,2,2,2,20,8,3.7,9,0
454,protect_s,symmetric,21,76,105,1.3816,20,27,1.35,34,10,10,0,11,0,11,0,0,0,0,0,0,0,0,0,0,21,1,5,2,2,2,20,8,3.7,9,0
455,unified,off,21,132,149,1.1288,34,38,1.1176,0,21,21,0,0,0,0,0,0,0,3,0,0,0,0,0,0,21,1,1,3,2,2,20,3,3.55,10,1
455,protect_l,left,21,124,149,1.2016,32,38,1.1875,20,21,21,0,0,0,0,0,0,0,0,0,0,0,0,0,0,21,1,1,3,2,2,20,3,3.55,9,0
455,protect_s,symmetric,21,96,149,1.5521,25,38,1.52,22,17,17,0,4,0,4,0,0,0,0,0,0,0,0,0,0,21,1,1,3,2,2,20,3,3.55,9,0
456,unified,off,21,76,81,1.0658,20,21,1.05,0,21,21,0,0,0,0,0,0,0,11,0,0,0,0,0,0,21,1,2,1,2,2,20,5,3.7,9,2
456,protect_l,left,21,76,81,1.0658,20,21,1.05,20,21,21,0,0,0,0,0,0,0,0,0,0,0,0,0,0,21,1,2,1,2,2,20,5,3.7,8,0
456,protect_s,symmetric,21,72,81,1.125,19,21,1.1053,24,21,21,0,0,0,0,0,0,0,0,0,0,0,0,0,0,21,1,2,1,2,2,20,5,3.7,8,0
457,unified,off,21,156,165,1.0577,40,42,1.05,0,11,11,0,8,2,2,0,0,8,17,0,0,0,0,2,0,19,1,1,3,2,2,20,7,3.8,14,5
457,protect_l,left,21,120,165,1.375,31,42,1.3548,22,15,15,0,4,2,6,0,0,0,0,0,0,0,0,2,0,19,1,1,3,2,2,20,7,3.8,10,0
457,protect_s,symmetric,21,100,165,1.65,26,42,1.6154,37,13,13,0,6,2,8,0,0,0,0,0,0,0,0,2,0,19,1,1,3,2,2,20,7,3.8,10,0
458,unified,off,20,128,105,0.8203,33,27,0.8182,0,19,19,0,0,1,1,0,0,0,1,0,0,0,0,1,0,19,3,1,2,2,2,20,14,3.6,11,6
458,protect_l,left,20,92,105,1.1413,24,27,1.125,30,19,19,0,0,1,1,0,0,0,0,0,0,0,0,1,0,19,3,1,2,2,2,20,14,3.6,5,0
458,protect_s,symmetric,20,32,105,3.2812,9,27,3.0,37,7,7,0,12,1,13,0,0,0,0,0,0,0,0,1,0,19,3,1,2,2,2,20,14,3.6,5,0
459,unified,off,21,156,137,0.8782,40,35,0.875,0,18,18,0,0,3,3,0,0,0,0,0,0,0,0,3,0,18,3,3,1,2,2,20,17,3.6,11,9
459,protect_l,left,21,92,137,1.4891,24,35,1.4583,29,18,18,0,0,3,3,0,0,0,0,0,0,0,0,3,0,18,3,3,1,2,2,20,17,3.6,3,0
459,protect_s,symmetric,21,36,137,3.8056,10,35,3.5,38,8,8,0,10,3,13,0,0,0,0,0,0,0,0,3,0,18,3,3,1,2,2,20,17,3.6,3,0
460,unified,off,20,64,49,0.7656,17,13,0.7647,0,9,9,0,11,0,0,0,0,11,21,0,0,0,0,0,0,20,1,5,2,2,2,20,6,3.85,8,2
460,protect_l,left,20,36,49,1.3611,10,13,1.3,12,20,20,0,0,0,0,0,0,0,0,0,0,0,0,0,0,20,1,5,2,2,2,20,6,3.85,5,0
460,protect_s,symmetric,20,32,49,1.5312,9,13,1.4444,21,12,12,0,8,0,8,0,0,0,0,0,0,0,0,0,0,20,1,5,2,2,2,20,6,3.85,5,0
461,unified,off,21,156,133,0.8526,40,34,0.85,0,21,21,0,0,0,0,0,0,0,0,0,0,0,0,0,0,21,1,3,3,2,2,20,5,3.9,11,2
461,protect_l,left,21,172,133,0.7733,44,34,0.7727,24,21,21,0,0,0,0,0,0,0,0,0,0,0,0,0,0,21,1,3,3,2,2,20,5,3.9,11,0
461,protect_s,symmetric,21,140,133,0.95,36,34,0.9444,32,15,15,0,6,0,6,0,0,0,0,0,0,0,0,0,0,21,1,3,3,2,2,20,5,3.9,11,0
462,unified,off,21,124,81,0.6532,32,21,0.6562,0,21,21,0,0,0,0,0,0,0,15,0,0,0,0,0,0,21,1,6,2,2,2,20,8,3.95,11,5
462,protect_l,left,21,92,81,0.8804,24,21,0.875,36,21,21,0,0,0,0,0,0,0,0,0,0,0,0,0,0,21,1,6,2,2,2,20,8,3.95,7,0
462,protect_s,symmetric,21,68,81,1.1912,18,21,1.1667,44,11,11,0,10,0,10,0,0,0,0,0,0,0,0,0,0,21,1,6,2,2,2,20,8,3.95,7,0
463,unified,off,21,240,97,0.4042,61,25,0.4098,0,1,1,0,20,0,0,20,0,0,74,0,0,0,0,0,0,21,2,5,3,2,2,20,14,3.8,14,9
463,protect_l,left,21,100,97,0.97,26,25,0.9615,11,3,3,0,18,0,18,0,0,0,0,0,0,0,0,0,0,21,2,5,3,2,2,20,14,3.8,2,0
463,protect_s,symmetric,21,16,97,6.0625,5,25,5.0,17,2,2,0,19,0,19,0,0,0,0,0,0,0,0,0,0,21,2,5,3,2,2,20,14,3.8,2,0
464,unified,off,21,216,205,0.9491,55,52,0.9455,0,7,7,0,14,0,0,0,0,14,33,0,0,0,0,0,0,21,1,1,3,2,2,20,5,3.25,17,3
464,protect_l,left,21,144,205,1.4236,37,52,1.4054,47,21,21,0,0,0,0,0,0,0,0,0,0,0,0,0,0,21,1,1,3,2,2,20,5,3.25,12,0
464,protect_s,symmetric,21,120,205,1.7083,31,52,1.6774,70,19,19,0,2,0,2,0,0,0,0,0,0,0,0,0,0,21,1,1,3,2,2,20,5,3.25,12,0
465,unified,off,21,116,101,0.8707,30,26,0.8667,0,4,4,0,17,0,0,0,0,17,34,0,0,0,0,0,0,21,2,3,1,2,2,20,13,3.45,14,7
465,protect_l,left,21,60,101,1.6833,16,26,1.625,50,21,21,0,0,0,0,0,0,0,0,0,0,0,0,0,0,21,2,3,1,2,2,20,13,3.45,7,0
465,protect_s,symmetric,21,76,101,1.3289,20,26,1.3,63,8,8,0,13,0,13,0,0,0,0,0,0,0,0,0,0,21,2,3,1,2,2,20,13,3.45,7,0
466,unified,off,21,272,233,0.8566,69,59,0.8551,0,21,21,0,0,0,0,0,0,0,2,0,0,0,0,0,0,21,3,6,1,2,2,20,16,3.25,16,13
466,protect_l,left,21,120,233,1.9417,31,59,1.9032,12,21,21,0,0,0,0,0,0,0,0,0,0,0,0,0,0,21,3,6,1,2,2,20,16,3.25,2,0
466,protect_s,symmetric,21,28,233,8.3214,8,59,7.375,17,4,4,0,17,0,17,0,0,0,0,0,0,0,0,0,0,21,3,6,1,2,2,20,16,3.25,2,0
467,unified,off,21,256,301,1.1758,65,76,1.1692,0,4,4,0,14,3,3,0,0,14,30,0,0,0,0,3,0,18,3,1,2,2,2,20,12,3.7,14,8
467,protect_l,left,21,192,301,1.5677,49,76,1.551,15,18,18,0,0,3,3,0,0,0,0,0,0,0,0,3,0,18,3,1,2,2,2,20,12,3.7,6,0
467,protect_s,symmetric,21,52,301,5.7885,14,76,5.4286,22,4,4,0,14,3,17,0,0,0,0,0,0,0,0,3,0,18,3,1,2,2,2,20,12,3.7,6,0
468,unified,off,21,84,81,0.9643,22,21,0.9545,0,2,2,0,19,0,0,0,0,19,42,0,0,0,0,0,0,21,2,3,2,2,2,20,14,3.85,11,7
468,protect_l,left,21,56,81,1.4464,15,21,1.4,36,21,21,0,0,0,0,0,0,0,0,0,0,0,0,0,0,21,2,3,2,2,2,20,14,3.85,5,0
468,protect_s,symmetric,21,40,81,2.025,11,21,1.9091,40,6,6,0,15,0,15,0,0,0,0,0,0,0,0,0,0,21,2,3,2,2,2,20,14,3.85,5,0
469,unified,off,21,76,53,0.6974,20,14,0.7,0,14,14,0,7,0,0,0,0,7,13,0,0,0,0,0,0,21,1,3,2,2,2,20,12,4.25,8,5
469,protect_l,left,21,40,53,1.325,11,14,1.2727,29,18,18,0,3,0,3,0,0,0,0,0,0,0,0,0,0,21,1,3,2,2,2,20,12,4.25,4,0
469,protect_s,symmetric,21,36,53,1.4722,10,14,1.4,35,7,7,0,14,0,14,0,0,0,0,0,0,0,0,0,0,21,1,3,2,2,2,20,12,4.25,4,0
470,unified,off,21,136,125,0.9191,35,32,0.9143,0,21,21,0,0,0,0,0,0,0,1,0,0,0,0,0,0,21,3,1,1,2,2,20,13,3.65,13,8
470,protect_l,left,21,108,125,1.1574,28,32,1.1429,34,21,21,0,0,0,0,0,0,0,0,0,0,0,0,0,0,21,3,1,1,2,2,20,13,3.65,6,0
470,protect_s,symmetric,21,88,125,1.4205,23,32,1.3913,62,21,21,0,0,0,0,0,0,0,0,0,0,0,0,0,0,21,3,1,1,2,2,20,13,3.65,6,0
471,unified,off,21,252,105,0.4167,64,27,0.4219,0,1,1,0,16,4,4,0,0,16,31,0,0,0,0,4,0,17,2,4,3,2,2,20,13,3.35,15,10
471,protect_l,left,21,76,105,1.3816,20,27,1.35,16,6,6,0,11,4,15,0,0,0,0,0,0,0,0,4,0,17,2,4,3,2,2,20,13,3.35,3,0
471,protect_s,symmetric,21,24,105,4.375,7,27,3.8571,22,3,3,0,14,4,18,0,0,0,0,0,0,0,0,4,0,17,2,4,3,2,2,20,13,3.35,3,0
472,unified,off,21,336,305,0.9077,85,77,0.9059,0,20,20,0,0,1,1,0,0,0,0,0,0,0,0,1,0,20,3,3,2,2,2,20,17,3.6,17,14
472,protect_l,left,21,156,305,1.9551,40,77,1.925,13,20,20,0,0,1,1,0,0,0,0,0,0,0,0,1,0,20,3,3,2,2,2,20,17,3.6,2,0
472,protect_s,symmetric,21,16,305,19.0625,5,77,15.4,15,2,2,0,18,1,19,0,0,0,0,0,0,0,0,1,0,20,3,3,2,2,2,20,17,3.6,2,0
473,unified,off,20,96,81,0.8438,25,21,0.84,0,20,20,0,0,0,0,0,0,0,0,0,0,0,0,0,0,20,1,2,5,2,2,20,7,4.45,11,2
473,protect_l,left,20,96,81,0.8438,25,21,0.84,29,20,20,0,0,0,0,0,0,0,0,0,0,0,0,0,0,20,1,2,5,2,2,20,7,4.45,9,0
473,protect_s,symmetric,20,84,81,0.9643,22,21,0.9545,39,20,20,0,0,0,0,0,0,0,0,0,0,0,0,0,0,20,1,2,5,2,2,20,7,4.45,9,0
474,unified,off,21,240,173,0.7208,61,44,0.7213,0,20,20,0,0,1,1,0,0,0,0,0,0,0,0,1,0,20,2,2,4,2,2,20,15,4.3,13,10
474,protect_l,left,21,116,173,1.4914,30,44,1.4667,14,16,16,0,4,1,5,0,0,0,0,0,0,0,0,1,0,20,2,2,4,2,2,20,15,4.3,3,0
474,protect_s,symmetric,21,20,173,8.65,6,44,7.3333,19,3,3,0,17,1,18,0,0,0,0,0,0,0,0,1,0,20,2,2,4,2,2,20,15,4.3,3,0
475,unified,off,20,120,77,0.6417,31,20,0.6452,0,20,20,0,0,0,0,0,0,0,19,0,0,0,0,0,0,20,1,4,2,2,2,20,9,3.9,13,6
475,protect_l,left,20,80,77,0.9625,21,20,0.9524,27,20,20,0,0,0,0,0,0,0,0,0,0,0,0,0,0,20,1,4,2,2,2,20,9,3.9,7,0
475,protect_s,symmetric,20,64,77,1.2031,17,20,1.1765,33,20,20,0,0,0,0,0,0,0,0,0,0,0,0,0,0,20,1,4,2,2,2,20,9,3.9,7,0
476,unified,off,21,136,129,0.9485,35,33,0.9429,0,7,7,0,11,3,3,0,0,11,25,0,0,0,0,3,0,18,3,1,1,2,2,20,14,3.95,10,5
476,protect_l,left,21,104,129,1.2404,27,33,1.2222,20,15,15,0,3,3,6,0,0,0,0,0,0,0,0,3,0,18,3,1,1,2,2,20,14,3.95,4,0
476,protect_s,symmetric,21,36,129,3.5833,10,33,3.3,25,4,4,0,14,3,17,0,0,0,0,0,0,0,0,3,0,18,3,1,1,2,2,20,14,3.95,4,0
477,unified,off,21,120,105,0.875,31,27,0.871,0,19,19,0,0,2,2,0,0,0,0,0,0,0,0,2,0,19,1,2,4,2,2,20,7,3.7,10,4
477,protect_l,left,21,80,105,1.3125,21,27,1.2857,26,13,13,0,6,2,8,0,0,0,0,0,0,0,0,2,0,19,1,2,4,2,2,20,7,3.7,7,0
477,protect_s,symmetric,21,48,105,2.1875,13,27,2.0769,35,8,8,0,11,2,13,0,0,0,0,0,0,0,0,2,0,19,1,2,4,2,2,20,7,3.7,7,0
478,unified,off,21,188,157,0.8351,48,40,0.8333,0,19,19,0,0,2,2,0,0,0,0,0,0,0,0,2,0,19,3,2,2,2,2,20,15,3.75,14,9
478,protect_l,left,21,124,157,1.2661,32,40,1.25,53,19,19,0,0,2,2,0,0,0,0,0,0,0,0,2,0,19,3,2,2,2,2,20,15,3.75,5,0
478,protect_s,symmetric,21,56,157,2.8036,15,40,2.6667,62,6,6,0,13,2,15,0,0,0,0,0,0,0,0,2,0,19,3,2,2,2,2,20,15,3.75,5,0
479,unified,off,21,76,53,0.6974,20,14,0.7,0,12,12,0,9,0,0,0,0,9,19,0,0,0,0,0,0,21,1,4,1,2,2,20,6,3.75,11,4
479,protect_l,left,21,56,53,0.9464,15,14,0.9333,13,21,21,0,0,0,0,0,0,0,0,0,0,0,0,0,0,21,1,4,1,2,2,20,6,3.75,7,0
479,protect_s,symmetric,21,48,53,1.1042,13,14,1.0769,25,14,14,0,7,0,7,0,0,0,0,0,0,0,0,0,0,21,1,4,1,2,2,20,6,3.75,7,0
480,unified,off,21,152,117,0.7697,39,30,0.7692,0,18,18,0,1,2,3,0,0,0,10,0,0,0,0,2,0,19,1,2,2,2,2,20,8,3.95,12,4
480,protect_l,left,21,116,117,1.0086,30,30,1.0,21,19,19,0,0,2,2,0,0,0,0,0,0,0,0,2,0,19,1,2,2,2,2,20,8,3.95,8,0
480,protect_s,symmetric,21,80,117,1.4625,21,30,1.4286,28,11,11,0,8,2,10,0,0,0,0,0,0,0,0,2,0,19,1,2,2,2,2,20,8,3.95,8,0
481,unified,off,20,108,97,0.8981,28,25,0.8929,0,10,10,0,9,1,1,0,0,9,26,0,0,0,0,1,0,19,1,7,1,2,2,20,7,3.6,12,5
481,protect_l,left,20,96,97,1.0104,25,25,1.0,25,19,19,0,0,1,1,0,0,0,0,0,0,0,0,1,0,19,1,7,1,2,2,20,7,3.6,8,0
481,protect_s,symmetric,20,80,97,1.2125,21,25,1.1905,42,16,16,0,3,1,4,0,0,0,0,0,0,0,0,1,0,19,1,7,1,2,2,20,7,3.6,8,0
482,unified,off,21,160,113,0.7063,41,29,0.7073,0,19,19,0,0,2,2,0,0,0,0,0,0,0,0,2,0,19,2,3,2,2,2,20,15,4.1,12,8
482,protect_l,left,21,60,113,1.8833,16,29,1.8125,22,18,18,0,1,2,3,0,0,0,0,0,0,0,0,2,0,19,2,3,2,2,2,20,15,4.1,3,0
482,protect_s,symmetric,21,28,113,4.0357,8,29,3.625,30,5,5,0,14,2,16,0,0,0,0,0,0,0,0,2,0,19,2,3,2,2,2,20,15,4.1,3,0
483,unified,off,20,180,149,0.8278,46,38,0.8261,0,17,17,0,0,3,3,0,0,0,2,0,0,0,0,3,0,17,1,4,3,2,2,20,9,3.9,16,7
483,protect_l,left,20,100,149,1.49,26,38,1.4615,30,13,13,0,4,3,7,0,0,0,0,0,0,0,0,3,0,17,1,4,3,2,2,20,9,3.9,9,0
483,protect_s,symmetric,20,92,149,1.6196,24,38,1.5833,38,6,6,0,11,3,14,0,0,0,0,0,0,0,0,3,0,17,1,4,3,2,2,20,9,3.9,9,0
484,unified,off,21,300,233,0.7767,76,59,0.7763,0,17,17,0,0,4,4,0,0,0,3,0,0,0,0,4,0,17,3,5,1,2,2,20,15,3.95,19,14
484,protect_l,left,21,120,233,1.9417,31,59,1.9032,24,14,14,0,3,4,7,0,0,0,0,0,0,0,0,4,0,17,3,5,1,2,2,20,15,3.95,5,0
484,protect_s,symmetric,21,56,233,4.1607,15,59,3.9333,29,2,2,0,15,4,19,0,0,0,0,0,0,0,0,4,0,17,3,5,1,2,2,20,15,3.95,5,0
485,unified,off,21,52,49,0.9423,14,13,0.9286,0,21,21,0,0,0,0,0,0,0,0,0,0,0,0,0,0,21,1,3,5,2,2,20,8,4.1,7,1
485,protect_l,left,21,48,49,1.0208,13,13,1.0,8,21,21,0,0,0,0,0,0,0,0,0,0,0,0,0,0,21,1,3,5,2,2,20,8,4.1,6,0
485,protect_s,symmetric,21,36,49,1.3611,10,13,1.3,15,11,11,0,10,0,10,0,0,0,0,0,0,0,0,0,0,21,1,3,5,2,2,20,8,4.1,6,0
486,unified,off,21,108,117,1.0833,28,30,1.0714,0,15,15,0,5,1,6,0,0,0,7,0,0,0,0,1,0,20,2,1,3,2,2,20,11,3.8,9,6
486,protect_l,left,21,136,117,0.8603,35,30,0.8571,42,20,20,0,0,1,1,0,0,0,0,0,0,0,0,1,0,20,2,1,3,2,2,20,11,3.8,8,0
486,protect_s,symmetric,21,100,117,1.17,26,30,1.1538,55,14,14,0,6,1,7,0,0,0,0,0,0,0,0,1,0,20,2,1,3,2,2,20,11,3.8,8,0
487,unified,off,20,248,185,0.746,63,47,0.746,0,20,20,0,0,0,0,0,0,0,9,0,0,0,0,0,0,20,2,3,3,2,2,20,12,4.1,14,9
487,protect_l,left,20,76,185,2.4342,20,47,2.35,11,9,9,0,11,0,11,0,0,0,0,0,0,0,0,0,0,20,2,3,3,2,2,20,12,4.1,1,0
487,protect_s,symmetric,20,12,185,15.4167,4,47,11.75,18,3,3,0,17,0,17,0,0,0,0,0,0,0,0,0,0,20,2,3,3,2,2,20,12,4.1,1,0
488,unified,off,21,68,101,1.4853,18,26,1.4444,0,21,21,0,0,0,0,0,0,0,3,0,0,0,0,0,0,21,1,3,1,2,2,20,6,3.8,11,4
488,protect_l,left,21,104,101,0.9712,27,26,0.963,23,21,21,0,0,0,0,0,0,0,0,0,0,0,0,0,0,21,1,3,1,2,2,20,6,3.8,10,0
488,protect_s,symmetric,21,104,101,0.9712,27,26,0.963,38,16,16,0,5,0,5,0,0,0,0,0,0,0,0,0,0,21,1,3,1,2,2,20,6,3.8,10,0
489,unified,off,21,96,93,0.9688,25,24,0.96,0,20,20,0,0,1,1,0,0,0,9,0,0,0,0,1,0,20,2,3,1,2,2,20,11,3.9,8,4
489,protect_l,left,21,96,93,0.9688,25,24,0.96,35,20,20,0,0,1,1,0,0,0,0,0,0,0,0,1,0,20,2,3,1,2,2,20,11,3.9,6,0
489,protect_s,symmetric,21,52,93,1.7885,14,24,1.7143,41,6,6,0,14,1,15,0,0,0,0,0,0,0,0,1,0,20,2,3,1,2,2,20,11,3.9,6,0
490,unified,off,21,240,229,0.9542,61,58,0.9508,0,5,5,0,14,2,2,0,0,14,31,0,0,0,0,2,0,19,2,5,1,2,2,20,11,3.7,15,8
490,protect_l,left,21,128,229,1.7891,33,58,1.7576,25,8,8,0,11,2,13,0,0,0,0,0,0,0,0,2,0,19,2,5,1,2,2,20,11,3.7,5,0
490,protect_s,symmetric,21,64,229,3.5781,17,58,3.4118,38,7,7,0,12,2,14,0,0,0,0,0,0,0,0,2,0,19,2,5,1,2,2,20,11,3.7,5,0
491,unified,off,21,240,205,0.8542,61,52,0.8525,0,16,16,0,2,3,5,0,0,0,9,0,0,0,0,3,0,18,1,3,4,2,2,20,8,3.65,16,6
491,protect_l,left,21,124,205,1.6532,32,52,1.625,14,16,16,0,2,3,5,0,0,0,0,0,0,0,0,3,0,18,1,3,4,2,2,20,8,3.65,9,0
491,protect_s,symmetric,21,76,205,2.6974,20,52,2.6,20,10,10,0,8,3,11,0,0,0,0,0,0,0,0,3,0,18,1,3,4,2,2,20,8,3.65,9,0
492,unified,off,21,236,229,0.9703,60,58,0.9667,0,21,21,0,0,0,0,0,0,0,0,0,0,0,0,0,0,21,4,2,1,2,2,20,14,4.05,16,10
492,protect_l,left,21,120,229,1.9083,31,58,1.871,29,18,18,0,3,0,3,0,0,0,0,0,0,0,0,0,0,21,4,2,1,2,2,20,14,4.05,5,0
492,protect_s,symmetric,21,44,229,5.2045,12,58,4.8333,38,4,4,0,17,0,17,0,0,0,0,0,0,0,0,0,0,21,4,2,1,2,2,20,14,4.05,5,0
493,unified,off,21,76,57,0.75,20,15,0.75,0,21,21,0,0,0,0,0,0,0,0,0,0,0,0,0,0,21,1,1,5,2,2,20,6,3.65,11,3
493,protect_l,left,21,64,57,0.8906,17,15,0.8824,20,21,21,0,0,0,0,0,0,0,0,0,0,0,0,0,0,21,1,1,5,2,2,20,6,3.65,8,0
493,protect_s,symmetric,21,52,57,1.0962,14,15,1.0714,34,15,15,0,6,0,6,0,0,0,0,0,0,0,0,0,0,21,1,1,5,2,2,20,6,3.65,8,0
494,unified,off,21,324,217,0.6698,82,55,0.6707,0,21,21,0,0,0,0,0,0,0,2,0,0,0,0,0,0,21,2,3,3,2,2,20,13,3.3,17,11
494,protect_l,left,21,176,217,1.233,45,55,1.2222,82,21,21,0,0,0,0,0,0,0,0,0,0,0,0,0,0,21,2,3,3,2,2,20,13,3.3,7,0
494,protect_s,symmetric,21,108,217,2.0093,28,55,1.9643,88,12,12,0,9,0,9,0,0,0,0,0,0,0,0,0,0,21,2,3,3,2,2,20,13,3.3,7,0
495,unified,off,20,116,129,1.1121,30,33,1.1,0,18,18,0,0,2,2,0,0,0,2,0,0,0,0,2,0,18,1,3,2,2,2,20,3,3.3,8,1
495,protect_l,left,20,92,129,1.4022,24,33,1.375,4,16,16,0,2,2,4,0,0,0,0,0,0,0,0,2,0,18,1,3,2,2,2,20,3,3.3,7,0
495,protect_s,symmetric,20,60,129,2.15,16,33,2.0625,14,12,12,0,6,2,8,0,0,0,0,0,0,0,0,2,0,18,1,3,2,2,2,20,3,3.3,7,0
496,unified,off,21,112,81,0.7232,29,21,0.7241,0,21,21,0,0,0,0,0,0,0,0,0,0,0,0,0,0,21,1,2,5,2,2,20,7,4.05,15,5
496,protect_l,left,21,96,81,0.8438,25,21,0.84,17,21,21,0,0,0,0,0,0,0,0,0,0,0,0,0,0,21,1,2,5,2,2,20,7,4.05,10,0
496,protect_s,symmetric,21,76,81,1.0658,20,21,1.05,27,11,11,0,10,0,10,0,0,0,0,0,0,0,0,0,0,21,1,2,5,2,2,20,7,4.05,10,0
497,unified,off,21,236,221,0.9364,60,56,0.9333,0,2,2,0,19,0,0,0,0,19,38,0,0,0,0,0,0,21,2,1,4,2,2,20,9,3.65,16,7
497,protect_l,left,21,220,221,1.0045,56,56,1.0,33,20,20,0,1,0,1,0,0,0,0,0,0,0,0,0,0,21,2,1,4,2,2,20,9,3.65,9,0
497,protect_s,symmetric,21,124,221,1.7823,32,56,1.75,41,8,8,0,13,0,13,0,0,0,0,0,0,0,0,0,0,21,2,1,4,2,2,20,9,3.65,9,0
498,unified,off,21,160,141,0.8812,41,36,0.878,0,4,4,0,17,0,0,0,0,17,39,0,0,0,0,0,0,21,2,1,2,2,2,20,11,3.75,15,10
498,protect_l,left,21,104,141,1.3558,27,36,1.3333,21,7,7,0,14,0,14,0,0,0,0,0,0,0,0,0,0,21,2,1,2,2,2,20,11,3.75,7,0
498,protect_s,symmetric,21,48,141,2.9375,13,36,2.7692,29,6,6,0,15,0,15,0,0,0,0,0,0,0,0,0,0,21,2,1,2,2,2,20,11,3.75,7,0
499,unified,off,21,80,89,1.1125,21,23,1.0952,0,19,19,0,0,2,2,0,0,0,0,0,0,0,0,2,0,19,1,3,3,2,2,20,8,4.2,8,1
499,protect_l,left,21,56,89,1.5893,15,23,1.5333,9,19,19,0,0,2,2,0,0,0,0,0,0,0,0,2,0,19,1,3,3,2,2,20,8,4.2,7,0
499,protect_s,symmetric,21,40,89,2.225,11,23,2.0909,15,11,11,0,8,2,10,0,0,0,0,0,0,0,0,2,0,19,1,3,3,2,2,20,8,4.2,7,0
500,unified,off,21,140,121,0.8643,36,31,0.8611,0,21,21,0,0,0,0,0,0,0,1,0,0,0,0,0,0,21,2,3,3,2,2,20,10,3.55,13,6
500,protect_l,left,21,60,121,2.0167,16,31,1.9375,40,17,17,0,4,0,4,0,0,0,0,0,0,0,0,0,0,21,2,3,3,2,2,20,10,3.55,6,0
500,protect_s,symmetric,21,52,121,2.3269,14,31,2.2143,53,5,5,0,16,0,16,0,0,0,0,0,0,0,0,0,0,21,2,3,3,2,2,20,10,3.55,6,0
501,unified,off,20,148,141,0.9527,38,36,0.9474,0,20,20,0,0,0,0,0,0,0,1,0,0,0,0,0,0,20,2,2,4,2,2,20,12,3.5,13,6
501,protect_l,left,20,104,141,1.3558,27,36,1.3333,51,19,19,0,1,0,1,0,0,0,0,0,0,0,0,0,0,20,2,2,4,2,2,20,12,3.5,6,0
501,protect_s,symmetric,20,72,141,1.9583,19,36,1.8947,66,12,12,0,8,0,8,0,0,0,0,0,0,0,0,0,0,20,2,2,4,2,2,20,12,3.5,6,0
502,unified,off,21,52,77,1.4808,14,20,1.4286,0,3,3,0,18,0,0,0,0,18,37,0,0,0,0,0,0,21,3,1,1,2,2,20,13,4.05,3,2
502,protect_l,left,21,44,77,1.75,12,20,1.6667,10,21,21,0,0,0,0,0,0,0,0,0,0,0,0,0,0,21,3,1,1,2,2,20,13,4.05,1,0
502,protect_s,symmetric,21,28,77,2.75,8,20,2.5,21,13,13,0,8,0,8,0,0,0,0,0,0,0,0,0,0,21,3,1,1,2,2,20,13,4.05,1,0
503,unified,off,21,128,101,0.7891,33,26,0.7879,0,20,20,0,0,1,1,0,0,0,4,0,0,0,0,1,0,20,2,4,2,2,2,20,10,3.5,11,4
503,protect_l,left,21,80,101,1.2625,21,26,1.2381,19,19,19,0,1,1,2,0,0,0,0,0,0,0,0,1,0,20,2,4,2,2,2,20,10,3.5,5,0
503,protect_s,symmetric,21,40,101,2.525,11,26,2.3636,28,9,9,0,11,1,12,0,0,0,0,0,0,0,0,1,0,20,2,4,2,2,2,20,10,3.5,5,0
504,unified,off,21,252,289,1.1468,64,73,1.1406,0,21,21,0,0,0,0,0,0,0,31,0,0,0,0,0,0,21,1,4,2,2,2,20,10,3.6,18,8
504,protect_l,left,21,160,289,1.8062,41,73,1.7805,67,19,19,0,2,0,2,0,0,0,0,0,0,0,0,0,0,21,1,4,2,2,2,20,10,3.6,10,0
504,protect_s,symmetric,21,112,289,2.5804,29,73,2.5172,71,8,8,0,13,0,13,0,0,0,0,0,0,0,0,0,0,21,1,4,2,2,2,20,10,3.6,10,0
505,unified,off,21,116,121,1.0431,30,31,1.0333,0,18,18,0,0,3,3,0,0,0,0,0,0,0,0,3,0,18,2,1,4,2,2,20,10,3.5,12,4
505,protect_l,left,21,88,121,1.375,23,31,1.3478,39,18,18,0,0,3,3,0,0,0,0,0,0,0,0,3,0,18,2,1,4,2,2,20,10,3.5,8,0
505,protect_s,symmetric,21,80,121,1.5125,21,31,1.4762,50,12,12,0,6,3,9,0,0,0,0,0,0,0,0,3,0,18,2,1,4,2,2,20,10,3.5,8,0
506,unified,off,20,156,169,1.0833,40,43,1.075,0,20,20,0,0,0,0,0,0,0,0,0,0,0,0,0,0,20,1,1,3,2,2,20,9,3.7,14,4
506,protect_l,left,20,204,169,0.8284,52,43,0.8269,74,20,20,0,0,0,0,0,0,0,0,0,0,0,0,0,0,20,1,1,3,2,2,20,9,3.7,10,0
506,protect_s,symmetric,20,184,169,0.9185,47,43,0.9149,89,17,17,0,3,0,3,0,0,0,0,0,0,0,0,0,0,20,1,1,3,2,2,20,9,3.7,10,0
507,unified,off,20,152,117,0.7697,39,30,0.7692,0,20,20,0,0,0,0,0,0,0,1,0,0,0,0,0,0,20,2,2,2,2,2,20,13,3.85,16,10
507,protect_l,left,20,100,117,1.17,26,30,1.1538,59,20,20,0,0,0,0,0,0,0,0,0,0,0,0,0,0,20,2,2,2,2,2,20,13,3.85,6,0
507,protect_s,symmetric,20,64,117,1.8281,17,30,1.7647,63,4,4,0,16,0,16,0,0,0,0,0,0,0,0,0,0,20,2,2,2,2,2,20,13,3.85,6,0
508,unified,off,21,148,137,0.9257,38,35,0.9211,0,18,18,0,0,3,3,0,0,0,1,0,0,0,0,3,0,18,1,3,1,2,2,20,8,3.95,13,6
508,protect_l,left,21,96,137,1.4271,25,35,1.4,33,17,17,0,1,3,4,0,0,0,0,0,0,0,0,3,0,18,1,3,1,2,2,20,8,3.95,7,0
508,protect_s,symmetric,21,56,137,2.4464,15,35,2.3333,39,10,10,0,8,3,11,0,0,0,0,0,0,0,0,3,0,18,1,3,1,2,2,20,8,3.95,7,0
509,unified,off,21,296,229,0.7736,75,58,0.7733,0,4,4,0,16,1,11,0,0,6,22,0,0,0,0,1,0,20,2,2,3,2,2,20,12,3.8,15,7
509,protect_l,left,21,176,229,1.3011,45,58,1.2889,30,9,9,0,11,1,12,0,0,0,0,0,0,0,0,1,0,20,2,2,3,2,2,20,12,3.8,6,0
509,protect_s,symmetric,21,64,229,3.5781,17,58,3.4118,40,6,6,0,14,1,15,0,0,0,0,0,0,0,0,1,0,20,2,2,3,2,2,20,12,3.8,6,0
510,unified,off,21,72,77,1.0694,19,20,1.0526,0,21,21,0,0,0,0,0,0,0,0,0,0,0,0,0,0,21,2,1,4,2,2,20,11,3.75,7,3
510,protect_l,left,21,68,77,1.1324,18,20,1.1111,29,21,21,0,0,0,0,0,0,0,0,0,0,0,0,0,0,21,2,1,4,2,2,20,11,3.75,4,0
510,protect_s,symmetric,21,40,77,1.925,11,20,1.8182,41,10,10,0,11,0,11,0,0,0,0,0,0,0,0,0,0,21,2,1,4,2,2,20,11,3.75,4,0
511,unified,off,21,160,101,0.6312,41,26,0.6341,0,21,21,0,0,0,0,0,0,0,0,0,0,0,0,0,0,21,3,2,3,2,2,20,17,3.65,14,11
511,protect_l,left,21,80,101,1.2625,21,26,1.2381,37,21,21,0,0,0,0,0,0,0,0,0,0,0,0,0,0,21,3,2,3,2,2,20,17,3.65,2,0
511,protect_s,symmetric,21,20,101,5.05,6,26,4.3333,40,2,2,0,19,0,19,0,0,0,0,0,0,0,0,0,0,21,3,2,3,2,2,20,17,3.65,2,0
512,unified,off,21,152,153,1.0066,39,39,1.0,0,17,17,0,0,4,4,0,0,0,1,0,0,0,0,4,0,17,2,2,1,2,2,20,12,3.45,13,7
512,protect_l,left,21,112,153,1.3661,29,39,1.3448,28,16,16,0,1,4,5,0,0,0,0,0,0,0,0,4,0,17,2,2,1,2,2,20,12,3.45,6,0
512,protect_s,symmetric,21,80,153,1.9125,21,39,1.8571,54,15,15,0,2,4,6,0,0,0,0,0,0,0,0,4,0,17,2,2,1,2,2,20,12,3.45,6,0
513,unified,off,21,96,73,0.7604,25,19,0.76,0,6,6,0,14,1,1,0,0,14,28,0,0,0,0,1,0,20,1,3,2,2,2,20,7,3.8,13,5
513,protect_l,left,21,40,73,1.825,11,19,1.7273,12,8,8,0,12,1,13,0,0,0,0,0,0,0,0,1,0,20,1,3,2,2,2,20,7,3.8,5,0
513,protect_s,symmetric,21,32,73,2.2812,9,19,2.1111,20,8,8,0,12,1,13,0,0,0,0,0,0,0,0,1,0,20,1,3,2,2,2,20,7,3.8,5,0
514,unified,off,21,144,125,0.8681,37,32,0.8649,0,7,7,0,14,0,0,0,0,14,27,0,0,0,0,0,0,21,1,2,4,2,2,20,6,3.7,11,2
514,protect_l,left,21,116,125,1.0776,30,32,1.0667,30,21,21,0,0,0,0,0,0,0,0,0,0,0,0,0,0,21,1,2,4,2,2,20,6,3.7,8,0
514,protect_s,symmetric,21,92,125,1.3587,24,32,1.3333,36,13,13,0,8,0,8,0,0,0,0,0,0,0,0,0,0,21,1,2,4,2,2,20,6,3.7,8,0
515,unified,off,21,132,133,1.0076,34,34,1.0,0,20,20,0,0,1,1,0,0,0,4,0,0,0,0,1,0,20,2,2,1,2,2,20,12,3.75,15,9
515,protect_l,left,21,64,133,2.0781,17,34,2.0,28,16,16,0,4,1,5,0,0,0,0,0,0,0,0,1,0,20,2,2,1,2,2,20,12,3.75,6,0
515,protect_s,symmetric,21,44,133,3.0227,12,34,2.8333,40,8,8,0,12,1,13,0,0,0,0,0,0,0,0,1,0,20,2,2,1,2,2,20,12,3.75,6,0
516,unified,off,21,276,229,0.8297,70,58,0.8286,0,21,21,0,0,0,0,0,0,0,0,0,0,0,0,0,0,21,2,3,2,2,2,20,9,4.25,18,7
516,protect_l,left,21,192,229,1.1927,49,58,1.1837,38,20,20,0,1,0,1,0,0,0,0,0,0,0,0,0,0,21,2,3,2,2,2,20,9,4.25,10,0
516,protect_s,symmetric,21,104,229,2.2019,27,58,2.1481,48,6,6,0,15,0,15,0,0,0,0,0,0,0,0,0,0,21,2,3,2,2,2,20,9,4.25,10,0
517,unified,off,20,128,121,0.9453,33,31,0.9394,0,17,17,0,0,3,3,0,0,0,0,0,0,0,0,3,0,17,3,4,2,2,2,20,13,4.1,10,5
517,protect_l,left,20,96,121,1.2604,25,31,1.24,24,17,17,0,0,3,3,0,0,0,0,0,0,0,0,3,0,17,3,4,2,2,2,20,13,4.1,5,0
517,protect_s,symmetric,20,44,121,2.75,12,31,2.5833,39,9,9,0,8,3,11,0,0,0,0,0,0,0,0,3,0,17,3,4,2,2,2,20,13,4.1,5,0
518,unified,off,21,116,141,1.2155,30,36,1.2,0,21,21,0,0,0,0,0,0,0,1,0,0,0,0,0,0,21,2,4,2,2,2,20,13,3.6,10,6
518,protect_l,left,21,104,141,1.3558,27,36,1.3333,38,20,20,0,1,0,1,0,0,0,0,0,0,0,0,0,0,21,2,4,2,2,2,20,13,3.6,5,0
518,protect_s,symmetric,21,56,141,2.5179,15,36,2.4,44,5,5,0,16,0,16,0,0,0,0,0,0,0,0,0,0,21,2,4,2,2,2,20,13,3.6,5,0
519,unified,off,21,140,105,0.75,36,27,0.75,0,21,21,0,0,0,0,0,0,0,15,0,0,0,0,0,0,21,1,3,3,2,2,20,6,3.75,13,3
519,protect_l,left,21,120,105,0.875,31,27,0.871,35,21,21,0,0,0,0,0,0,0,0,0,0,0,0,0,0,21,1,3,3,2,2,20,6,3.75,11,0
519,protect_s,symmetric,21,112,105,0.9375,29,27,0.931,42,14,14,0,7,0,7,0,0,0,0,0,0,0,0,0,0,21,1,3,3,2,2,20,6,3.75,11,0
520,unified,off,21,152,137,0.9013,39,35,0.8974,0,20,20,0,1,0,0,0,0,1,3,0,0,0,0,0,0,21,1,2,2,2,2,20,7,3.65,17,4
520,protect_l,left,21,152,137,0.9013,39,35,0.8974,40,20,20,0,1,0,1,0,0,0,0,0,0,0,0,0,0,21,1,2,2,2,2,20,7,3.65,13,0
520,protect_s,symmetric,21,128,137,1.0703,33,35,1.0606,50,12,12,0,9,0,9,0,0,0,0,0,0,0,0,0,0,21,1,2,2,2,2,20,7,3.65,13,0
521,unified,off,21,168,81,0.4821,43,21,0.4884,0,1,1,0,20,0,0,20,0,0,66,0,0,0,0,0,0,21,1,3,4,2,2,20,8,3.8,13,6
521,protect_l,left,21,68,81,1.1912,18,21,1.1667,8,13,13,0,8,0,8,0,0,0,0,0,0,0,0,0,0,21,1,3,4,2,2,20,8,3.8,2,0
521,protect_s,symmetric,21,16,81,5.0625,5,21,4.2,14,7,7,0,14,0,14,0,0,0,0,0,0,0,0,0,0,21,1,3,4,2,2,20,8,3.8,2,0
522,unified,off,21,112,101,0.9018,29,26,0.8966,0,21,21,0,0,0,0,0,0,0,7,0,0,0,0,0,0,21,1,1,4,2,2,20,9,3.55,13,6
522,protect_l,left,21,96,101,1.0521,25,26,1.04,31,21,21,0,0,0,0,0,0,0,0,0,0,0,0,0,0,21,1,1,4,2,2,20,9,3.55,8,0
522,protect_s,symmetric,21,52,101,1.9423,14,26,1.8571,38,11,11,0,10,0,10,0,0,0,0,0,0,0,0,0,0,21,1,1,4,2,2,20,9,3.55,8,0
523,unified,off,21,140,153,1.0929,36,39,1.0833,0,6,6,0,12,3,3,0,0,12,25,0,0,0,0,3,0,18,2,2,2,2,2,20,12,4.15,13,8
523,protect_l,left,21,68,153,2.25,18,39,2.1667,12,18,18,0,0,3,3,0,0,0,0,0,0,0,0,3,0,18,2,2,2,2,2,20,12,4.15,4,0
523,protect_s,symmetric,21,32,153,4.7812,9,39,4.3333,23,9,9,0,9,3,12,0,0,0,0,0,0,0,0,3,0,18,2,2,2,2,2,20,12,4.15,4,0
524,unified,off,21,112,97,0.8661,29,25,0.8621,0,21,21,0,0,0,0,0,0,0,0,0,0,0,0,0,0,21,1,2,1,2,2,20,9,4.1,12,4
524,protect_l,left,21,100,97,0.97,26,25,0.9615,43,21,21,0,0,0,0,0,0,0,0,0,0,0,0,0,0,21,1,2,1,2,2,20,9,4.1,8,0
524,protect_s,symmetric,21,88,97,1.1023,23,25,1.087,64,18,18,0,3,0,3,0,0,0,0,0,0,0,0,0,0,21,1,2,1,2,2,20,9,4.1,8,0
525,unified,off,21,88,109,1.2386,23,28,1.2174,0,21,21,0,0,0,0,0,0,0,0,0,0,0,0,0,0,21,1,3,3,2,2,20,6,3.65,13,4
525,protect_l,left,21,88,109,1.2386,23,28,1.2174,16,21,21,0,0,0,0,0,0,0,0,0,0,0,0,0,0,21,1,3,3,2,2,20,6,3.65,10,0
525,protect_s,symmetric,21,84,109,1.2976,22,28,1.2727,31,14,14,0,7,0,7,0,0,0,0,0,0,0,0,0,0,21,1,3,3,2,2,20,6,3.65,10,0
526,unified,off,21,192,181,0.9427,49,46,0.9388,0,17,17,0,1,3,4,0,0,0,14,0,0,0,0,3,0,18,1,2,2,2,2,20,9,3.9,15,6
526,protect_l,left,21,84,181,2.1548,22,46,2.0909,26,13,13,0,5,3,8,0,0,0,0,0,0,0,0,3,0,18,1,2,2,2,2,20,9,3.9,5,0
526,protect_s,symmetric,21,40,181,4.525,11,46,4.1818,31,5,5,0,13,3,16,0,0,0,0,0,0,0,0,3,0,18,1,2,2,2,2,20,9,3.9,5,0
527,unified,off,21,124,121,0.9758,32,31,0.9688,0,13,13,0,8,0,0,0,0,8,17,0,0,0,0,0,0,21,3,1,4,2,2,20,15,4.05,12,9
527,protect_l,left,21,20,121,6.05,6,31,5.1667,14,12,12,0,9,0,9,0,0,0,0,0,0,0,0,0,0,21,3,1,4,2,2,20,15,4.05,2,0
527,protect_s,symmetric,21,16,121,7.5625,5,31,6.2,18,3,3,0,18,0,18,0,0,0,0,0,0,0,0,0,0,21,3,1,4,2,2,20,15,4.05,2,0
528,unified,off,21,200,205,1.025,51,52,1.0196,0,19,19,0,0,2,2,0,0,0,12,0,0,0,0,2,0,19,2,1,5,2,2,20,13,4.15,15,8
528,protect_l,left,21,124,205,1.6532,32,52,1.625,42,17,17,0,2,2,4,0,0,0,0,0,0,0,0,2,0,19,2,1,5,2,2,20,13,4.15,7,0
528,protect_s,symmetric,21,60,205,3.4167,16,52,3.25,49,4,4,0,15,2,17,0,0,0,0,0,0,0,0,2,0,19,2,1,5,2,2,20,13,4.15,7,0
529,unified,off,21,192,165,0.8594,49,42,0.8571,0,21,21,0,0,0,0,0,0,0,8,0,0,0,0,0,0,21,1,1,2,2,2,20,7,3.85,13,3
529,protect_l,left,21,160,165,1.0312,41,42,1.0244,51,21,21,0,0,0,0,0,0,0,0,0,0,0,0,0,0,21,1,1,2,2,2,20,7,3.85,10,0
529,protect_s,symmetric,21,116,165,1.4224,30,42,1.4,74,19,19,0,2,0,2,0,0,0,0,0,0,0,0,0,0,21,1,1,2,2,2,20,7,3.85,10,0
530,unified,off,21,96,49,0.5104,25,13,0.52,0,21,21,0,0,0,0,0,0,0,9,0,0,0,0,0,0,21,1,4,1,2,2,20,8,3.45,12,5
530,protect_l,left,21,64,49,0.7656,17,13,0.7647,21,21,21,0,0,0,0,0,0,0,0,0,0,0,0,0,0,21,1,4,1,2,2,20,8,3.45,7,0
530,protect_s,symmetric,21,44,49,1.1136,12,13,1.0833,29,13,13,0,8,0,8,0,0,0,0,0,0,0,0,0,0,21,1,4,1,2,2,20,8,3.45,7,0
531,unified,off,21,340,333,0.9794,86,84,0.9767,0,20,20,0,0,1,1,0,0,0,9,0,0,0,0,1,0,20,1,2,4,2,2,20,8,3.35,17,6
531,protect_l,left,21,144,333,2.3125,37,84,2.2703,76,12,12,0,8,1,9,0,0,0,0,0,0,0,0,1,0,20,1,2,4,2,2,20,8,3.35,11,0
531,protect_s,symmetric,21,132,333,2.5227,34,84,2.4706,90,7,7,0,13,1,14,0,0,0,0,0,0,0,0,1,0,20,1,2,4,2,2,20,8,3.35,11,0
532,unified,off,21,124,161,1.2984,32,41,1.2812,0,21,21,0,0,0,0,0,0,0,0,0,0,0,0,0,0,21,3,4,1,2,2,20,13,3.8,8,3
532,protect_l,left,21,140,161,1.15,36,41,1.1389,25,21,21,0,0,0,0,0,0,0,0,0,0,0,0,0,0,21,3,4,1,2,2,20,13,3.8,6,0
532,protect_s,symmetric,21,68,161,2.3676,18,41,2.2778,32,6,6,0,15,0,15,0,0,0,0,0,0,0,0,0,0,21,3,4,1,2,2,20,13,3.8,6,0
533,unified,off,21,64,49,0.7656,17,13,0.7647,0,21,21,0,0,0,0,0,0,0,0,0,0,0,0,0,0,21,1,3,1,2,2,20,8,3.45,6,3
533,protect_l,left,21,64,49,0.7656,17,13,0.7647,22,21,21,0,0,0,0,0,0,0,0,0,0,0,0,0,0,21,1,3,1,2,2,20,8,3.45,6,0
533,protect_s,symmetric,21,44,49,1.1136,12,13,1.0833,28,12,12,0,9,0,9,0,0,0,0,0,0,0,0,0,0,21,1,3,1,2,2,20,8,3.45,6,0
534,unified,off,21,32,45,1.4062,9,12,1.3333,0,21,21,0,0,0,0,0,0,0,0,0,0,0,0,0,0,21,1,1,1,2,2,20,6,3.65,5,2
534,protect_l,left,21,24,45,1.875,7,12,1.7143,8,21,21,0,0,0,0,0,0,0,0,0,0,0,0,0,0,21,1,1,1,2,2,20,6,3.65,3,0
534,protect_s,symmetric,21,32,45,1.4062,9,12,1.3333,30,17,17,0,4,0,4,0,0,0,0,0,0,0,0,0,0,21,1,1,1,2,2,20,6,3.65,3,0
535,unified,off,21,64,45,0.7031,17,12,0.7059,0,21,21,0,0,0,0,0,0,0,0,0,0,0,0,0,0,21,1,4,2,2,2,20,8,4.0,8,3
535,protect_l,left,21,84,45,0.5357,22,12,0.5455,19,16,16,0,5,0,5,0,0,0,0,0,0,0,0,0,0,21,1,4,2,2,2,20,8,4.0,8,0
535,protect_s,symmetric,21,68,45,0.6618,18,12,0.6667,28,8,8,0,13,0,13,0,0,0,0,0,0,0,0,0,0,21,1,4,2,2,2,20,8,4.0,8,0
536,unified,off,21,240,193,0.8042,61,49,0.8033,0,4,4,0,16,1,1,0,0,16,32,0,0,0,0,1,0,20,2,2,5,2,2,20,14,4.1,13,9
536,protect_l,left,21,104,193,1.8558,27,49,1.8148,24,13,13,0,7,1,8,0,0,0,0,0,0,0,0,1,0,20,2,2,5,2,2,20,14,4.1,4,0
536,protect_s,symmetric,21,24,193,8.0417,7,49,7.0,29,3,3,0,17,1,18,0,0,0,0,0,0,0,0,1,0,20,2,2,5,2,2,20,14,4.1,4,0
537,unified,off,20,208,205,0.9856,53,52,0.9811,0,8,8,0,9,3,3,0,0,9,17,0,0,0,0,3,0,17,4,2,1,2,2,20,15,3.8,14,9
537,protect_l,left,20,124,205,1.6532,32,52,1.625,36,17,17,0,0,3,3,0,0,0,0,0,0,0,0,3,0,17,4,2,1,2,2,20,15,3.8,5,0
537,protect_s,symmetric,20,40,205,5.125,11,52,4.7273,40,4,4,0,13,3,16,0,0,0,0,0,0,0,0,3,0,17,4,2,1,2,2,20,15,3.8,5,0
538,unified,off,21,124,101,0.8145,32,26,0.8125,0,18,18,0,0,3,3,0,0,0,0,0,0,0,0,3,0,18,1,3,1,2,2,20,12,4.3,12,6
538,protect_l,left,21,80,101,1.2625,21,26,1.2381,44,18,18,0,0,3,3,0,0,0,0,0,0,0,0,3,0,18,1,3,1,2,2,20,12,4.3,6,0
538,protect_s,symmetric,21,64,101,1.5781,17,26,1.5294,56,16,16,0,2,3,5,0,0,0,0,0,0,0,0,3,0,18,1,3,1,2,2,20,12,4.3,6,0
539,unified,off,21,72,73,1.0139,19,19,1.0,0,21,21,0,0,0,0,0,0,0,3,0,0,0,0,0,0,21,2,1,1,2,2,20,11,3.45,8,4
539,protect_l,left,21,64,73,1.1406,17,19,1.1176,23,21,21,0,0,0,0,0,0,0,0,0,0,0,0,0,0,21,2,1,1,2,2,20,11,3.45,5,0
539,protect_s,symmetric,21,48,73,1.5208,13,19,1.4615,39,17,17,0,4,0,4,0,0,0,0,0,0,0,0,0,0,21,2,1,1,2,2,20,11,3.45,5,0
540,unified,off,20,92,61,0.663,24,16,0.6667,0,17,17,0,0,3,3,0,0,0,3,0,0,0,0,3,0,17,4,3,2,2,2,20,15,3.6,11,9
540,protect_l,left,20,44,61,1.3864,12,16,1.3333,16,15,15,0,2,3,5,0,0,0,0,0,0,0,0,3,0,17,4,3,2,2,2,20,15,3.6,3,0
540,protect_s,symmetric,20,20,61,3.05,6,16,2.6667,21,2,2,0,15,3,18,0,0,0,0,0,0,0,0,3,0,17,4,3,2,2,2,20,15,3.6,3,0
541,unified,off,21,148,205,1.3851,38,52,1.3684,0,20,20,0,0,1,1,0,0,0,4,0,0,0,0,1,0,20,2,2,2,2,2,20,10,3.5,11,6
541,protect_l,left,21,88,205,2.3295,23,52,2.2609,22,16,16,0,4,1,5,0,0,0,0,0,0,0,0,1,0,20,2,2,2,2,2,20,10,3.5,5,0
541,protect_s,symmetric,21,60,205,3.4167,16,52,3.25,46,12,12,0,8,1,9,0,0,0,0,0,0,0,0,1,0,20,2,2,2,2,2,20,10,3.5,5,0
542,unified,off,20,148,109,0.7365,38,28,0.7368,0,19,19,0,0,1,1,0,0,0,0,0,0,0,0,1,0,19,2,2,5,2,2,20,11,3.8,10,5
542,protect_l,left,20,88,109,1.2386,23,28,1.2174,39,18,18,0,1,1,2,0,0,0,0,0,0,0,0,1,0,19,2,2,5,2,2,20,11,3.8,5,0
542,protect_s,symmetric,20,52,109,2.0962,14,28,2.0,54,11,11,0,8,1,9,0,0,0,0,0,0,0,0,1,0,19,2,2,5,2,2,20,11,3.8,5,0
543,unified,off,20,156,129,0.8269,40,33,0.825,0,2,2,0,18,0,0,0,0,18,36,0,0,0,0,0,0,20,2,5,3,2,2,20,11,3.65,12,8
543,protect_l,left,20,60,129,2.15,16,33,2.0625,13,20,20,0,0,0,0,0,0,0,0,0,0,0,0,0,0,20,2,5,3,2,2,20,11,3.65,4,0
543,protect_s,symmetric,20,36,129,3.5833,10,33,3.3,25,12,12,0,8,0,8,0,0,0,0,0,0,0,0,0,0,20,2,5,3,2,2,20,11,3.65,4,0
544,unified,off,21,108,77,0.713,28,20,0.7143,0,11,11,0,10,0,0,0,0,10,21,0,0,0,0,0,0,21,3,2,3,2,2,20,13,3.6,10,6
544,protect_l,left,21,72,77,1.0694,19,20,1.0526,36,21,21,0,0,0,0,0,0,0,0,0,0,0,0,0,0,21,3,2,3,2,2,20,13,3.6,4,0
544,protect_s,symmetric,21,56,77,1.375,15,20,1.3333,51,16,16,0,5,0,5,0,0,0,0,0,0,0,0,0,0,21,3,2,3,2,2,20,13,3.6,4,0
545,unified,off,21,196,177,0.9031,50,45,0.9,0,21,21,0,0,0,0,0,0,0,5,0,0,0,0,0,0,21,1,1,3,2,2,20,11,4.15,15,9
545,protect_l,left,21,108,177,1.6389,28,45,1.6071,36,21,21,0,0,0,0,0,0,0,0,0,0,0,0,0,0,21,1,1,3,2,2,20,11,4.15,7,0
545,protect_s,symmetric,21,52,177,3.4038,14,45,3.2143,41,7,7,0,14,0,14,0,0,0,0,0,0,0,0,0,0,21,1,1,3,2,2,20,11,4.15,7,0
546,unified,off,21,144,141,0.9792,37,36,0.973,0,21,21,0,0,0,0,0,0,0,0,0,0,0,0,0,0,21,5,3,1,2,2,20,15,3.3,14,9
546,protect_l,left,21,100,141,1.41,26,36,1.3846,45,21,21,0,0,0,0,0,0,0,0,0,0,0,0,0,0,21,5,3,1,2,2,20,15,3.3,5,0
546,protect_s,symmetric,21,64,141,2.2031,17,36,2.1176,62,14,14,0,7,0,7,0,0,0,0,0,0,0,0,0,0,21,5,3,1,2,2,20,15,3.3,5,0
547,unified,off,21,160,77,0.4813,41,20,0.4878,0,1,1,0,20,0,0,0,0,20,41,0,0,0,0,0,0,21,4,2,1,2,2,20,15,3.6,12,8
547,protect_l,left,21,96,77,0.8021,25,20,0.8,35,21,21,0,0,0,0,0,0,0,0,0,0,0,0,0,0,21,4,2,1,2,2,20,15,3.6,4,0
547,protect_s,symmetric,21,32,77,2.4062,9,20,2.2222,40,3,3,0,18,0,18,0,0,0,0,0,0,0,0,0,0,21,4,2,1,2,2,20,15,3.6,4,0
548,unified,off,20,200,161,0.805,51,41,0.8039,0,20,20,0,0,0,0,0,0,0,1,0,0,0,0,0,0,20,3,2,1,2,2,20,16,3.85,13,9
548,protect_l,left,20,108,161,1.4907,28,41,1.4643,45,20,20,0,0,0,0,0,0,0,0,0,0,0,0,0,0,20,3,2,1,2,2,20,16,3.85,4,0
548,protect_s,symmetric,20,56,161,2.875,15,41,2.7333,62,12,12,0,8,0,8,0,0,0,0,0,0,0,0,0,0,20,3,2,1,2,2,20,16,3.85,4,0
549,unified,off,21,140,157,1.1214,36,40,1.1111,0,18,18,0,1,2,3,0,0,0,0,0,0,0,0,2,0,19,1,2,1,2,2,20,8,3.8,14,6
549,protect_l,left,21,64,157,2.4531,17,40,2.3529,31,18,18,0,1,2,3,0,0,0,0,0,0,0,0,2,0,19,1,2,1,2,2,20,8,3.8,7,0
549,protect_s,symmetric,21,36,157,4.3611,10,40,4.0,38,10,10,0,9,2,11,0,0,0,0,0,0,0,0,2,0,19,1,2,1,2,2,20,8,3.8,7,0
550,unified,off,21,92,89,0.9674,24,23,0.9583,0,21,21,0,0,0,0,0,0,0,0,0,0,0,0,0,0,21,1,2,5,2,2,20,11,3.6,10,4
550,protect_l,left,21,36,89,2.4722,10,23,2.3,10,12,12,0,9,0,9,0,0,0,0,0,0,0,0,0,0,21,1,2,5,2,2,20,11,3.6,5,0
550,protect_s,symmetric,21,28,89,3.1786,8,23,2.875,17,7,7,0,14,0,14,0,0,0,0,0,0,0,0,0,0,21,1,2,5,2,2,20,11,3.6,5,0
551,unified,off,20,92,81,0.8804,24,21,0.875,0,20,20,0,0,0,0,0,0,0,0,0,0,0,0,0,0,20,3,3,1,2,2,20,14,4.05,12,8
551,protect_l,left,20,72,81,1.125,19,21,1.1053,45,20,20,0,0,0,0,0,0,0,0,0,0,0,0,0,0,20,3,3,1,2,2,20,14,4.05,5,0
551,protect_s,symmetric,20,44,81,1.8409,12,21,1.75,59,10,10,0,10,0,10,0,0,0,0,0,0,0,0,0,0,20,3,3,1,2,2,20,14,4.05,5,0
552,unified,off,21,212,205,0.967,54,52,0.963,0,21,21,0,0,0,0,0,0,0,0,0,0,0,0,0,0,21,1,3,4,2,2,20,6,3.55,16,5
552,protect_l,left,21,216,205,0.9491,55,52,0.9455,54,21,21,0,0,0,0,0,0,0,0,0,0,0,0,0,0,21,1,3,4,2,2,20,6,3.55,11,0
552,protect_s,symmetric,21,180,205,1.1389,46,52,1.1304,62,13,13,0,8,0,8,0,0,0,0,0,0,0,0,0,0,21,1,3,4,2,2,20,6,3.55,11,0
553,unified,off,20,196,181,0.9235,50,46,0.92,0,20,20,0,0,0,0,0,0,0,0,0,0,0,0,0,0,20,3,5,2,2,2,20,13,4.15,11,4
553,protect_l,left,20,132,181,1.3712,34,46,1.3529,24,20,20,0,0,0,0,0,0,0,0,0,0,0,0,0,0,20,3,5,2,2,2,20,13,4.15,6,0
553,protect_s,symmetric,20,60,181,3.0167,16,46,2.875,31,4,4,0,16,0,16,0,0,0,0,0,0,0,0,0,0,20,3,5,2,2,2,20,13,4.15,6,0
554,unified,off,21,156,109,0.6987,40,28,0.7,0,21,21,0,0,0,0,0,0,0,0,0,0,0,0,0,0,21,2,1,5,2,2,20,10,3.65,12,5
554,protect_l,left,21,112,109,0.9732,29,28,0.9655,45,21,21,0,0,0,0,0,0,0,0,0,0,0,0,0,0,21,2,1,5,2,2,20,10,3.65,7,0
554,protect_s,symmetric,21,56,109,1.9464,15,28,1.8667,62,18,18,0,3,0,3,0,0,0,0,0,0,0,0,0,0,21,2,1,5,2,2,20,10,3.65,7,0
555,unified,off,21,144,149,1.0347,37,38,1.027,0,21,21,0,0,0,0,0,0,0,0,0,0,0,0,0,0,21,3,2,1,2,2,20,14,3.25,10,7
555,protect_l,left,21,92,149,1.6196,24,38,1.5833,29,21,21,0,0,0,0,0,0,0,0,0,0,0,0,0,0,21,3,2,1,2,2,20,14,3.25,5,0
555,protect_s,symmetric,21,28,149,5.3214,8,38,4.75,35,4,4,0,17,0,17,0,0,0,0,0,0,0,0,0,0,21,3,2,1,2,2,20,14,3.25,5,0
556,unified,off,21,76,109,1.4342,20,28,1.4,0,7,7,0,14,0,0,0,0,14,27,0,0,0,0,0,0,21,2,1,1,2,2,20,14,4.2,7,2
556,protect_l,left,21,68,109,1.6029,18,28,1.5556,23,9,9,0,12,0,12,0,0,0,0,0,0,0,0,0,0,21,2,1,1,2,2,20,14,4.2,5,0
556,protect_s,symmetric,21,68,109,1.6029,18,28,1.5556,40,12,12,0,9,0,9,0,0,0,0,0,0,0,0,0,0,21,2,1,1,2,2,20,14,4.2,5,0
557,unified,off,21,96,57,0.5938,25,15,0.6,0,21,21,0,0,0,0,0,0,0,0,0,0,0,0,0,0,21,2,2,2,2,2,20,11,3.9,9,5
557,protect_l,left,21,112,57,0.5089,29,15,0.5172,69,21,21,0,0,0,0,0,0,0,0,0,0,0,0,0,0,21,2,2,2,2,2,20,11,3.9,8,0
557,protect_s,symmetric,21,88,57,0.6477,23,15,0.6522,79,7,7,0,14,0,14,0,0,0,0,0,0,0,0,0,0,21,2,2,2,2,2,20,11,3.9,8,0
558,unified,off,21,96,85,0.8854,25,22,0.88,0,21,21,0,0,0,0,0,0,0,0,0,0,0,0,0,0,21,1,4,3,2,2,20,7,3.6,10,3
558,protect_l,left,21,92,85,0.9239,24,22,0.9167,18,21,21,0,0,0,0,0,0,0,0,0,0,0,0,0,0,21,1,4,3,2,2,20,7,3.6,7,0
558,protect_s,symmetric,21,88,85,0.9659,23,22,0.9565,25,10,10,0,11,0,11,0,0,0,0,0,0,0,0,0,0,21,1,4,3,2,2,20,7,3.6,7,0
559,unified,off,21,128,117,0.9141,33,30,0.9091,0,21,21,0,0,0,0,0,0,0,11,0,0,0,0,0,0,21,1,5,2,2,2,20,9,3.4,10,4
559,protect_l,left,21,96,117,1.2188,25,30,1.2,38,21,21,0,0,0,0,0,0,0,0,0,0,0,0,0,0,21,1,5,2,2,2,20,9,3.4,6,0
559,protect_s,symmetric,21,56,117,2.0893,15,30,2.0,44,10,10,0,11,0,11,0,0,0,0,0,0,0,0,0,0,21,1,5,2,2,2,20,9,3.4,6,0
560,unified,off,21,100,109,1.09,26,28,1.0769,0,2,2,0,19,0,0,0,0,19,37,0,0,0,0,0,0,21,2,1,3,2,2,20,13,3.9,9,5
560,protect_l,left,21,84,109,1.2976,22,28,1.2727,29,21,21,0,0,0,0,0,0,0,0,0,0,0,0,0,0,21,2,1,3,2,2,20,13,3.9,5,0
560,protect_s,symmetric,21,44,109,2.4773,12,28,2.3333,36,6,6,0,15,0,15,0,0,0,0,0,0,0,0,0,0,21,2,1,3,2,2,20,13,3.9,5,0
561,unified,off,21,364,345,0.9478,92,87,0.9457,0,19,19,0,0,2,2,0,0,0,2,0,0,0,0,2,0,19,2,2,2,2,2,20,11,3.45,14,5
561,protect_l,left,21,252,345,1.369,64,87,1.3594,56,19,19,0,0,2,2,0,0,0,0,0,0,0,0,2,0,19,2,2,2,2,2,20,11,3.45,9,0
561,protect_s,symmetric,21,116,345,2.9741,30,87,2.9,62,7,7,0,12,2,14,0,0,0,0,0,0,0,0,2,0,19,2,2,2,2,2,20,11,3.45,9,0
562,unified,off,21,220,181,0.8227,56,46,0.8214,0,20,20,0,0,1,1,0,0,0,0,0,0,0,0,1,0,20,1,2,3,2,2,20,8,3.6,18,7
562,protect_l,left,21,168,181,1.0774,43,46,1.0698,42,20,20,0,0,1,1,0,0,0,0,0,0,0,0,1,0,20,1,2,3,2,2,20,8,3.6,11,0
562,protect_s,symmetric,21,128,181,1.4141,33,46,1.3939,53,17,17,0,3,1,4,0,0,0,0,0,0,0,0,1,0,20,1,2,3,2,2,20,8,3.6,11,0
563,unified,off,21,232,205,0.8836,59,52,0.8814,0,20,20,0,0,1,1,0,0,0,4,0,0,0,0,1,0,20,1,1,4,2,2,20,8,3.3,13,6
563,protect_l,left,21,164,205,1.25,42,52,1.2381,46,20,20,0,0,1,1,0,0,0,0,0,0,0,0,1,0,20,1,1,4,2,2,20,8,3.3,8,0
563,protect_s,symmetric,21,100,205,2.05,26,52,2.0,52,9,9,0,11,1,12,0,0,0,0,0,0,0,0,1,0,20,1,1,4,2,2,20,8,3.3,8,0
564,unified,off,21,276,277,1.0036,70,70,1.0,0,18,18,0,0,3,3,0,0,0,0,0,0,0,0,3,0,18,1,4,2,2,2,20,6,3.3,15,3
564,protect_l,left,21,252,277,1.0992,64,70,1.0938,53,18,18,0,0,3,3,0,0,0,0,0,0,0,0,3,0,18,1,4,2,2,2,20,6,3.3,12,0
564,protect_s,symmetric,21,240,277,1.1542,61,70,1.1475,68,18,18,0,0,3,3,0,0,0,0,0,0,0,0,3,0,18,1,4,2,2,2,20,6,3.3,12,0
565,unified,off,21,176,137,0.7784,45,35,0.7778,0,21,21,0,0,0,0,0,0,0,3,0,0,0,0,0,0,21,1,5,2,2,2,20,7,4.5,15,5
565,protect_l,left,21,92,137,1.4891,24,35,1.4583,11,6,6,0,15,0,15,0,0,0,0,0,0,0,0,0,0,21,1,5,2,2,2,20,7,4.5,7,0
565,protect_s,symmetric,21,60,137,2.2833,16,35,2.1875,21,6,6,0,15,0,15,0,0,0,0,0,0,0,0,0,0,21,1,5,2,2,2,20,7,4.5,7,0
566,unified,off,21,124,117,0.9435,32,30,0.9375,0,4,4,0,17,0,0,0,0,17,34,0,0,0,0,0,0,21,1,1,5,2,2,20,6,3.3,13,2
566,protect_l,left,21,120,117,0.975,31,30,0.9677,32,21,21,0,0,0,0,0,0,0,0,0,0,0,0,0,0,21,1,1,5,2,2,20,6,3.3,11,0
566,protect_s,symmetric,21,100,117,1.17,26,30,1.1538,40,13,13,0,8,0,8,0,0,0,0,0,0,0,0,0,0,21,1,1,5,2,2,20,6,3.3,11,0
567,unified,off,21,180,173,0.9611,46,44,0.9565,0,21,21,0,0,0,0,0,0,0,0,0,0,0,0,0,0,21,1,2,2,2,2,20,5,3.45,16,4
567,protect_l,left,21,168,173,1.0298,43,44,1.0233,40,21,21,0,0,0,0,0,0,0,0,0,0,0,0,0,0,21,1,2,2,2,2,20,5,3.45,12,0
567,protect_s,symmetric,21,136,173,1.2721,35,44,1.2571,56,18,18,0,3,0,3,0,0,0,0,0,0,0,0,0,0,21,1,2,2,2,2,20,5,3.45,12,0
568,unified,off,21,140,173,1.2357,36,44,1.2222,0,21,21,0,0,0,0,0,0,0,0,0,0,0,0,0,0,21,3,4,1,2,2,20,15,3.35,9,5
568,protect_l,left,21,96,173,1.8021,25,44,1.76,27,21,21,0,0,0,0,0,0,0,0,0,0,0,0,0,0,21,3,4,1,2,2,20,15,3.35,3,0
568,protect_s,symmetric,21,56,173,3.0893,15,44,2.9333,41,13,13,0,8,0,8,0,0,0,0,0,0,0,0,0,0,21,3,4,1,2,2,20,15,3.35,3,0
569,unified,off,21,80,125,1.5625,21,32,1.5238,0,21,21,0,0,0,0,0,0,0,8,0,0,0,0,0,0,21,1,2,4,2,2,20,6,3.45,7,2
569,protect_l,left,21,124,125,1.0081,32,32,1.0,29,21,21,0,0,0,0,0,0,0,0,0,0,0,0,0,0,21,1,2,4,2,2,20,6,3.45,9,0
569,protect_s,symmetric,21,92,125,1.3587,24,32,1.3333,38,15,15,0,6,0,6,0,0,0,0,0,0,0,0,0,0,21,1,2,4,2,2,20,6,3.45,9,0
570,unified,off,20,144,105,0.7292,37,27,0.7297,0,20,20,0,0,0,0,0,0,0,4,0,0,0,0,0,0,20,1,3,2,2,2,20,7,4.35,16,4
570,protect_l,left,20,124,105,0.8468,32,27,0.8438,48,20,20,0,0,0,0,0,0,0,0,0,0,0,0,0,0,20,1,3,2,2,2,20,7,4.35,12,0
570,protect_s,symmetric,20,96,105,1.0938,25,27,1.08,56,13,13,0,7,0,7,0,0,0,0,0,0,0,0,0,0,20,1,3,2,2,2,20,7,4.35,12,0
571,unified,off,21,48,37,0.7708,13,10,0.7692,0,3,3,0,18,0,0,18,0,0,54,0,0,0,0,0,0,21,2,1,4,2,2,20,13,3.95,3,1
571,protect_l,left,21,52,37,0.7115,14,10,0.7143,18,20,20,0,1,0,1,0,0,0,0,0,0,0,0,0,0,21,2,1,4,2,2,20,13,3.95,4,0
571,protect_s,symmetric,21,28,37,1.3214,8,10,1.25,24,6,6,0,15,0,15,0,0,0,0,0,0,0,0,0,0,21,2,1,4,2,2,20,13,3.95,4,0
572,unified,off,21,124,153,1.2339,32,39,1.2188,0,18,18,0,1,2,3,0,0,0,1,0,0,0,0,2,0,19,1,2,1,2,2,20,8,3.45,15,5
572,protect_l,left,21,132,153,1.1591,34,39,1.1471,46,19,19,0,0,2,2,0,0,0,0,0,0,0,0,2,0,19,1,2,1,2,2,20,8,3.45,10,0
572,protect_s,symmetric,21,100,153,1.53,26,39,1.5,52,12,12,0,7,2,9,0,0,0,0,0,0,0,0,2,0,19,1,2,1,2,2,20,8,3.45,10,0
573,unified,off,21,168,129,0.7679,43,33,0.7674,0,21,21,0,0,0,0,0,0,0,0,0,0,0,0,0,0,21,2,3,1,2,2,20,15,3.5,13,8
573,protect_l,left,21,76,129,1.6974,20,33,1.65,29,21,21,0,0,0,0,0,0,0,0,0,0,0,0,0,0,21,2,3,1,2,2,20,15,3.5,5,0
573,protect_s,symmetric,21,36,129,3.5833,10,33,3.3,33,6,6,0,15,0,15,0,0,0,0,0,0,0,0,0,0,21,2,3,1,2,2,20,15,3.5,5,0
574,unified,off,21,224,197,0.8795,57,50,0.8772,0,6,6,0,15,0,0,0,0,15,30,0,0,0,0,0,0,21,2,4,1,2,2,20,13,3.55,13,7
574,protect_l,left,21,112,197,1.7589,29,50,1.7241,22,7,7,0,14,0,14,0,0,0,0,0,0,0,0,0,0,21,2,4,1,2,2,20,13,3.55,3,0
574,protect_s,symmetric,21,20,197,9.85,6,50,8.3333,28,4,4,0,17,0,17,0,0,0,0,0,0,0,0,0,0,21,2,4,1,2,2,20,13,3.55,3,0
575,unified,off,21,132,149,1.1288,34,38,1.1176,0,2,2,0,19,0,0,0,0,19,46,0,0,0,0,0,0,21,2,1,2,2,2,20,12,3.85,13,7
575,protect_l,left,21,36,149,4.1389,10,38,3.8,7,8,8,0,13,0,13,0,0,0,0,0,0,0,0,0,0,21,2,1,2,2,2,20,12,3.85,0,0
575,protect_s,symmetric,21,16,149,9.3125,5,38,7.6,17,8,8,0,13,0,13,0,0,0,0,0,0,0,0,0,0,21,2,1,2,2,2,20,12,3.85,0,0
576,unified,off,21,196,161,0.8214,50,41,0.82,0,21,21,0,0,0,0,0,0,0,0,0,0,0,0,0,0,21,1,3,2,2,2,20,5,4.05,16,4
576,protect_l,left,21,176,161,0.9148,45,41,0.9111,42,21,21,0,0,0,0,0,0,0,0,0,0,0,0,0,0,21,1,3,2,2,2,20,5,4.05,14,0
576,protect_s,symmetric,21,140,161,1.15,36,41,1.1389,50,11,11,0,10,0,10,0,0,0,0,0,0,0,0,0,0,21,1,3,2,2,2,20,5,4.05,14,0
577,unified,off,21,144,189,1.3125,37,48,1.2973,0,20,20,0,0,1,1,0,0,0,1,0,0,0,0,1,0,20,2,1,2,2,2,20,9,3.35,14,6
577,protect_l,left,21,92,189,2.0543,24,48,2.0,26,20,20,0,0,1,1,0,0,0,0,0,0,0,0,1,0,20,2,1,2,2,2,20,9,3.35,8,0
577,protect_s,symmetric,21,80,189,2.3625,21,48,2.2857,61,16,16,0,4,1,5,0,0,0,0,0,0,0,0,1,0,20,2,1,2,2,2,20,9,3.35,8,0
578,unified,off,21,296,253,0.8547,75,64,0.8533,0,3,3,0,17,1,1,0,0,17,34,0,0,0,0,1,0,20,3,3,3,2,2,20,13,3.5,14,9
578,protect_l,left,21,176,253,1.4375,45,64,1.4222,42,20,20,0,0,1,1,0,0,0,0,0,0,0,0,1,0,20,3,3,3,2,2,20,13,3.5,6,0
578,protect_s,symmetric,21,88,253,2.875,23,64,2.7826,54,11,11,0,9,1,10,0,0,0,0,0,0,0,0,1,0,20,3,3,3,2,2,20,13,3.5,6,0
579,unified,off,21,168,149,0.8869,43,38,0.8837,0,21,21,0,0,0,0,0,0,0,0,0,0,0,0,0,0,21,1,3,3,2,2,20,7,3.95,14,3
579,protect_l,left,21,140,149,1.0643,36,38,1.0556,44,21,21,0,0,0,0,0,0,0,0,0,0,0,0,0,0,21,1,3,3,2,2,20,7,3.95,11,0
579,protect_s,symmetric,21,112,149,1.3304,29,38,1.3103,53,12,12,0,9,0,9,0,0,0,0,0,0,0,0,0,0,21,1,3,3,2,2,20,7,3.95,11,0
580,unified,off,21,64,65,1.0156,17,17,1.0,0,21,21,0,0,0,0,0,0,0,13,0,0,0,0,0,0,21,1,1,2,2,2,20,6,3.65,8,1
580,protect_l,left,21,76,65,0.8553,20,17,0.85,28,21,21,0,0,0,0,0,0,0,0,0,0,0,0,0,0,21,1,1,2,2,2,20,6,3.65,9,0
580,protect_s,symmetric,21,68,65,0.9559,18,17,0.9444,42,18,18,0,3,0,3,0,0,0,0,0,0,0,0,0,0,21,1,1,2,2,2,20,6,3.65,9,0
581,unified,off,20,160,117,0.7312,41,30,0.7317,0,19,19,0,0,1,1,0,0,0,1,0,0,0,0,1,0,19,2,1,5,2,2,20,12,3.7,13,7
581,protect_l,left,20,116,117,1.0086,30,30,1.0,37,19,19,0,0,1,1,0,0,0,0,0,0,0,0,1,0,19,2,1,5,2,2,20,12,3.7,6,0
581,protect_s,symmetric,20,60,117,1.95,16,30,1.875,44,5,5,0,14,1,15,0,0,0,0,0,0,0,0,1,0,19,2,1,5,2,2,20,12,3.7,6,0
582,unified,off,21,108,85,0.787,28,22,0.7857,0,6,6,0,15,0,0,0,0,15,36,0,0,0,0,0,0,21,1,2,4,2,2,20,8,3.6,13,4
582,protect_l,left,21,92,85,0.9239,24,22,0.9167,38,21,21,0,0,0,0,0,0,0,0,0,0,0,0,0,0,21,1,2,4,2,2,20,8,3.6,11,0
582,protect_s,symmetric,21,80,85,1.0625,21,22,1.0476,44,13,13,0,8,0,8,0,0,0,0,0,0,0,0,0,0,21,1,2,4,2,2,20,8,3.6,11,0
583,unified,off,20,180,117,0.65,46,30,0.6522,0,20,20,0,0,0,0,0,0,0,0,0,0,0,0,0,0,20,2,1,3,2,2,20,10,4.2,9,5
583,protect_l,left,20,100,117,1.17,26,30,1.1538,8,10,10,0,10,0,10,0,0,0,0,0,0,0,0,0,0,20,2,1,3,2,2,20,10,4.2,2,0
583,protect_s,symmetric,20,28,117,4.1786,8,30,3.75,17,5,5,0,15,0,15,0,0,0,0,0,0,0,0,0,0,20,2,1,3,2,2,20,10,4.2,2,0
584,unified,off,21,152,113,0.7434,39,29,0.7436,0,15,15,0,6,0,0,0,0,6,13,0,0,0,0,0,0,21,1,2,4,2,2,20,8,3.45,12,4
584,protect_l,left,21,100,113,1.13,26,29,1.1154,34,9,9,0,12,0,12,0,0,0,0,0,0,0,0,0,0,21,1,2,4,2,2,20,8,3.45,7,0
584,protect_s,symmetric,21,64,113,1.7656,17,29,1.7059,42,7,7,0,14,0,14,0,0,0,0,0,0,0,0,0,0,21,1,2,4,2,2,20,8,3.45,7,0
585,unified,off,21,104,81,0.7788,27,21,0.7778,0,14,14,0,0,7,7,0,0,0,8,0,0,0,0,7,0,14,2,5,1,2,2,20,11,4.65,8,5
585,protect_l,left,21,104,81,0.7788,27,21,0.7778,30,14,14,0,0,7,7,0,0,0,0,0,0,0,0,7,0,14,2,5,1,2,2,20,11,4.65,6,0
585,protect_s,symmetric,21,80,81,1.0125,21,21,1.0,35,7,7,0,7,7,14,0,0,0,0,0,0,0,0,7,0,14,2,5,1,2,2,20,11,4.65,6,0
586,unified,off,21,108,105,0.9722,28,27,0.9643,0,21,21,0,0,0,0,0,0,0,0,0,0,0,0,0,0,21,1,3,2,2,2,20,10,4.4,13,5
586,protect_l,left,21,92,105,1.1413,24,27,1.125,51,21,21,0,0,0,0,0,0,0,0,0,0,0,0,0,0,21,1,3,2,2,2,20,10,4.4,8,0
586,protect_s,symmetric,21,92,105,1.1413,24,27,1.125,61,12,12,0,9,0,9,0,0,0,0,0,0,0,0,0,0,21,1,3,2,2,2,20,10,4.4,8,0
587,unified,off,20,20,13,0.65,6,4,0.6667,0,20,20,0,0,0,0,0,0,0,0,0,0,0,0,0,0,20,1,3,2,2,2,20,10,3.45,2,0
587,protect_l,left,20,20,13,0.65,6,4,0.6667,7,20,20,0,0,0,0,0,0,0,0,0,0,0,0,0,0,20,1,3,2,2,2,20,10,3.45,2,0
587,protect_s,symmetric,20,20,13,0.65,6,4,0.6667,12,20,20,0,0,0,0,0,0,0,0,0,0,0,0,0,0,20,1,3,2,2,2,20,10,3.45,2,0
588,unified,off,21,108,97,0.8981,28,25,0.8929,0,14,14,0,7,0,0,0,0,7,14,0,0,0,0,0,0,21,4,2,1,2,2,20,15,3.95,11,8
588,protect_l,left,21,52,97,1.8654,14,25,1.7857,17,14,14,0,7,0,7,0,0,0,0,0,0,0,0,0,0,21,4,2,1,2,2,20,15,3.95,1,0
588,protect_s,symmetric,21,12,97,8.0833,4,25,6.25,22,5,5,0,16,0,16,0,0,0,0,0,0,0,0,0,0,21,4,2,1,2,2,20,15,3.95,1,0
589,unified,off,21,156,113,0.7244,40,29,0.725,0,21,21,0,0,0,0,0,0,0,0,0,0,0,0,0,0,21,2,2,2,2,2,20,11,3.55,13,5
589,protect_l,left,21,116,113,0.9741,30,29,0.9667,39,21,21,0,0,0,0,0,0,0,0,0,0,0,0,0,0,21,2,2,2,2,2,20,11,3.55,8,0
589,protect_s,symmetric,21,68,113,1.6618,18,29,1.6111,45,8,8,0,13,0,13,0,0,0,0,0,0,0,0,0,0,21,2,2,2,2,2,20,11,3.55,8,0
590,unified,off,21,140,141,1.0071,36,36,1.0,0,1,1,0,20,0,0,0,0,20,39,0,0,0,0,0,0,21,2,4,3,2,2,20,11,3.6,13,6
590,protect_l,left,21,116,141,1.2155,30,36,1.2,63,19,19,0,2,0,2,0,0,0,0,0,0,0,0,0,0,21,2,4,3,2,2,20,11,3.6,8,0
590,protect_s,symmetric,21,84,141,1.6786,22,36,1.6364,70,5,5,0,16,0,16,0,0,0,0,0,0,0,0,0,0,21,2,4,3,2,2,20,11,3.6,8,0
591,unified,off,20,64,33,0.5156,17,9,0.5294,0,20,20,0,0,0,0,0,0,0,0,0,0,0,0,0,0,20,1,5,3,2,2,20,8,4.15,6,2
591,protect_l,left,20,56,33,0.5893,15,9,0.6,9,20,20,0,0,0,0,0,0,0,0,0,0,0,0,0,0,20,1,5,3,2,2,20,8,4.15,4,0
591,protect_s,symmetric,20,28,33,1.1786,8,9,1.125,16,9,9,0,11,0,11,0,0,0,0,0,0,0,0,0,0,20,1,5,3,2,2,20,8,4.15,4,0
592,unified,off,21,168,169,1.006,43,43,1.0,0,21,21,0,0,0,0,0,0,0,0,0,0,0,0,0,0,21,2,2,3,2,2,20,11,4.0,13,5
592,protect_l,left,21,140,169,1.2071,36,43,1.1944,55,21,21,0,0,0,0,0,0,0,0,0,0,0,0,0,0,21,2,2,3,2,2,20,11,4.0,8,0
592,protect_s,symmetric,21,88,169,1.9205,23,43,1.8696,67,10,10,0,11,0,11,0,0,0,0,0,0,0,0,0,0,21,2,2,3,2,2,20,11,4.0,8,0
593,unified,off,21,236,285,1.2076,60,72,1.2,0,21,21,0,0,0,0,0,0,0,1,0,0,0,0,0,0,21,4,1,1,2,2,20,16,3.4,10,8
593,protect_l,left,21,168,285,1.6964,43,72,1.6744,41,21,21,0,0,0,0,0,0,0,0,0,0,0,0,0,0,21,4,1,1,2,2,20,16,3.4,2,0
593,protect_s,symmetric,21,52,285,5.4808,14,72,5.1429,58,13,13,0,8,0,8,0,0,0,0,0,0,0,0,0,0,21,4,1,1,2,2,20,16,3.4,2,0
594,unified,off,21,100,89,0.89,26,23,0.8846,0,7,7,0,14,0,0,0,0,14,29,0,0,0,0,0,0,21,3,4,1,2,2,20,13,3.35,9,6
594,protect_l,left,21,60,89,1.4833,16,23,1.4375,21,21,21,0,0,0,0,0,0,0,0,0,0,0,0,0,0,21,3,4,1,2,2,20,13,3.35,3,0
594,protect_s,symmetric,21,36,89,2.4722,10,23,2.3,42,14,14,0,7,0,7,0,0,0,0,0,0,0,0,0,0,21,3,4,1,2,2,20,13,3.35,3,0
595,unified,off,21,160,161,1.0063,41,41,1.0,0,9,9,0,4,8,12,0,0,0,10,0,0,0,0,8,0,13,2,1,2,2,2,20,13,4.3,10,6
595,protect_l,left,21,108,161,1.4907,28,41,1.4643,23,10,10,0,3,8,11,0,0,0,0,0,0,0,0,8,0,13,2,1,2,2,2,20,13,4.3,5,0
595,protect_s,symmetric,21,32,161,5.0312,9,41,4.5556,29,3,3,0,10,8,18,0,0,0,0,0,0,0,0,8,0,13,2,1,2,2,2,20,13,4.3,5,0
596,unified,off,21,216,161,0.7454,55,41,0.7455,0,19,19,0,0,2,2,0,0,0,0,0,0,0,0,2,0,19,1,5,3,2,2,20,6,3.7,14,5
596,protect_l,left,21,120,161,1.3417,31,41,1.3226,17,19,19,0,0,2,2,0,0,0,0,0,0,0,0,2,0,19,1,5,3,2,2,20,6,3.7,9,0
596,protect_s,symmetric,21,76,161,2.1184,20,41,2.05,28,15,15,0,4,2,6,0,0,0,0,0,0,0,0,2,0,19,1,5,3,2,2,20,6,3.7,9,0
597,unified,off,21,124,93,0.75,32,24,0.75,0,19,19,0,0,2,2,0,0,0,0,0,0,0,0,2,0,19,1,2,5,2,2,20,9,4.05,13,6
597,protect_l,left,21,88,93,1.0568,23,24,1.0435,15,16,16,0,3,2,5,0,0,0,0,0,0,0,0,2,0,19,1,2,5,2,2,20,9,4.05,7,0
597,protect_s,symmetric,21,56,93,1.6607,15,24,1.6,24,9,9,0,10,2,12,0,0,0,0,0,0,0,0,2,0,19,1,2,5,2,2,20,9,4.05,7,0
598,unified,off,21,96,61,0.6354,25,16,0.64,0,21,21,0,0,0,0,0,0,0,0,0,0,0,0,0,0,21,4,2,1,2,2,20,16,3.5,7,6
598,protect_l,left,21,52,61,1.1731,14,16,1.1429,30,21,21,0,0,0,0,0,0,0,0,0,0,0,0,0,0,21,4,2,1,2,2,20,16,3.5,2,0
598,protect_s,symmetric,21,36,61,1.6944,10,16,1.6,39,12,12,0,9,0,9,0,0,0,0,0,0,0,0,0,0,21,4,2,1,2,2,20,16,3.5,2,0
599,unified,off,20,100,69,0.69,26,18,0.6923,0,11,11,0,9,0,0,0,0,9,23,0,0,0,0,0,0,20,1,2,3,2,2,20,7,3.95,13,3
599,protect_l,left,20,76,69,0.9079,20,18,0.9,31,20,20,0,0,0,0,0,0,0,0,0,0,0,0,0,0,20,1,2,3,2,2,20,7,3.95,10,0
599,protect_s,symmetric,20,60,69,1.15,16,18,1.125,40,11,11,0,9,0,9,0,0,0,0,0,0,0,0,0,0,20,1,2,3,2,2,20,7,3.95,10,0
600,unified,off,21,144,109,0.7569,37,28,0.7568,0,21,21,0,0,0,0,0,0,0,6,0,0,0,0,0,0,21,1,2,1,2,2,20,8,3.75,14,6
600,protect_l,left,21,100,109,1.09,26,28,1.0769,26,21,21,0,0,0,0,0,0,0,0,0,0,0,0,0,0,21,1,2,1,2,2,20,8,3.75,8,0
600,protect_s,symmetric,21,64,109,1.7031,17,28,1.6471,47,19,19,0,2,0,2,0,0,0,0,0,0,0,0,0,0,21,1,2,1,2,2,20,8,3.75,8,0
601,unified,off,21,96,89,0.9271,25,23,0.92,0,5,5,0,11,5,5,0,0,11,22,0,0,0,0,5,0,16,1,3,1,2,2,20,8,4.35,11,5
601,protect_l,left,21,84,89,1.0595,22,23,1.0455,15,10,10,0,6,5,11,0,0,0,0,0,0,0,0,5,0,16,1,3,1,2,2,20,8,4.35,8,0
601,protect_s,symmetric,21,72,89,1.2361,19,23,1.2105,23,9,9,0,7,5,12,0,0,0,0,0,0,0,0,5,0,16,1,3,1,2,2,20,8,4.35,8,0
602,unified,off,21,224,165,0.7366,57,42,0.7368,0,21,21,0,0,0,0,0,0,0,0,0,0,0,0,0,0,21,3,2,3,2,2,20,14,3.45,14,9
602,protect_l,left,21,124,165,1.3306,32,42,1.3125,53,21,21,0,0,0,0,0,0,0,0,0,0,0,0,0,0,21,3,2,3,2,2,20,14,3.45,6,0
602,protect_s,symmetric,21,76,165,2.1711,20,42,2.1,76,14,14,0,7,0,7,0,0,0,0,0,0,0,0,0,0,21,3,2,3,2,2,20,14,3.45,6,0
603,unified,off,21,80,69,0.8625,21,18,0.8571,0,21,21,0,0,0,0,0,0,0,7,0,0,0,0,0,0,21,2,3,1,2,2,20,11,3.6,9,3
603,protect_l,left,21,64,69,1.0781,17,18,1.0588,23,21,21,0,0,0,0,0,0,0,0,0,0,0,0,0,0,21,2,3,1,2,2,20,11,3.6,6,0
603,protect_s,symmetric,21,52,69,1.3269,14,18,1.2857,31,21,21,0,0,0,0,0,0,0,0,0,0,0,0,0,0,21,2,3,1,2,2,20,11,3.6,6,0
604,unified,off,21,156,121,0.7756,40,31,0.775,0,20,20,0,0,1,1,0,0,0,10,0,0,0,0,1,0,20,1,3,2,2,2,20,9,3.9,13,5
604,protect_l,left,21,96,121,1.2604,25,31,1.24,33,18,18,0,2,1,3,0,0,0,0,0,0,0,0,1,0,20,1,3,2,2,2,20,9,3.9,9,0
604,protect_s,symmetric,21,60,121,2.0167,16,31,1.9375,39,8,8,0,12,1,13,0,0,0,0,0,0,0,0,1,0,20,1,3,2,2,2,20,9,3.9,9,0
605,unified,off,20,156,133,0.8526,40,34,0.85,0,20,20,0,0,0,0,0,0,0,6,0,0,0,0,0,0,20,3,1,1,2,2,20,17,3.9,13,10
605,protect_l,left,20,72,133,1.8472,19,34,1.7895,23,20,20,0,0,0,0,0,0,0,0,0,0,0,0,0,0,20,3,1,1,2,2,20,17,3.9,2,0
605,protect_s,symmetric,20,20,133,6.65,6,34,5.6667,31,5,5,0,15,0,15,0,0,0,0,0,0,0,0,0,0,20,3,1,1,2,2,20,17,3.9,2,0
606,unified,off,21,200,253,1.265,51,64,1.2549,0,10,10,0,11,0,0,0,0,11,22,0,0,0,0,0,0,21,3,1,2,2,2,20,11,2.95,13,6
606,protect_l,left,21,124,253,2.0403,32,64,2.0,62,21,21,0,0,0,0,0,0,0,0,0,0,0,0,0,0,21,3,1,2,2,2,20,11,2.95,8,0
606,protect_s,symmetric,21,96,253,2.6354,25,64,2.56,96,17,17,0,4,0,4,0,0,0,0,0,0,0,0,0,0,21,3,1,2,2,2,20,11,2.95,8,0
607,unified,off,21,284,365,1.2852,72,92,1.2778,0,2,2,0,17,2,2,0,0,17,40,0,0,0,0,2,0,19,3,1,2,2,2,20,13,3.55,15,10
607,protect_l,left,21,168,365,2.1726,43,92,2.1395,23,18,18,0,1,2,3,0,0,0,0,0,0,0,0,2,0,19,3,1,2,2,2,20,13,3.55,5,0
607,protect_s,symmetric,21,48,365,7.6042,13,92,7.0769,34,7,7,0,12,2,14,0,0,0,0,0,0,0,0,2,0,19,3,1,2,2,2,20,13,3.55,5,0
608,unified,off,21,196,245,1.25,50,62,1.24,0,21,21,0,0,0,0,0,0,0,5,0,0,0,0,0,0,21,2,1,2,2,2,20,12,3.75,13,5
608,protect_l,left,21,176,245,1.392,45,62,1.3778,57,21,21,0,0,0,0,0,0,0,0,0,0,0,0,0,0,21,2,1,2,2,2,20,12,3.75,6,0
608,protect_s,symmetric,21,80,245,3.0625,21,62,2.9524,77,12,12,0,9,0,9,0,0,0,0,0,0,0,0,0,0,21,2,1,2,2,2,20,12,3.75,6,0
609,unified,off,20,92,101,1.0978,24,26,1.0833,0,3,3,0,17,0,0,17,0,0,49,0,0,0,0,0,0,20,2,4,1,2,2,20,13,4.1,10,7
609,protect_l,left,20,64,101,1.5781,17,26,1.5294,18,20,20,0,0,0,0,0,0,0,0,0,0,0,0,0,0,20,2,4,1,2,2,20,13,4.1,3,0
609,protect_s,symmetric,20,24,101,4.2083,7,26,3.7143,23,5,5,0,15,0,15,0,0,0,0,0,0,0,0,0,0,20,2,4,1,2,2,20,13,4.1,3,0
610,unified,off,21,132,57,0.4318,34,15,0.4412,0,1,1,0,16,4,4,0,0,16,41,0,0,0,0,4,0,17,1,1,4,2,2,20,10,4.3,12,6
610,protect_l,left,21,52,57,1.0962,14,15,1.0714,18,17,17,0,0,4,4,0,0,0,0,0,0,0,0,4,0,17,1,1,4,2,2,20,10,4.3,3,0
610,protect_s,symmetric,21,24,57,2.375,7,15,2.1429,24,9,9,0,8,4,12,0,0,0,0,0,0,0,0,4,0,17,1,1,4,2,2,20,10,4.3,3,0
611,unified,off,21,140,113,0.8071,36,29,0.8056,0,21,21,0,0,0,0,0,0,0,6,0,0,0,0,0,0,21,3,2,2,2,2,20,11,3.3,11,6
611,protect_l,left,21,104,113,1.0865,27,29,1.0741,47,21,21,0,0,0,0,0,0,0,0,0,0,0,0,0,0,21,3,2,2,2,2,20,11,3.3,6,0
611,protect_s,symmetric,21,72,113,1.5694,19,29,1.5263,82,21,21,0,0,0,0,0,0,0,0,0,0,0,0,0,0,21,3,2,2,2,2,20,11,3.3,6,0
612,unified,off,21,244,185,0.7582,62,47,0.7581,0,21,21,0,0,0,0,0,0,0,0,0,0,0,0,0,0,21,1,2,4,2,2,20,4,3.8,15,4
612,protect_l,left,21,252,185,0.7341,64,47,0.7344,37,21,21,0,0,0,0,0,0,0,0,0,0,0,0,0,0,21,1,2,4,2,2,20,4,3.8,11,0
612,protect_s,symmetric,21,192,185,0.9635,49,47,0.9592,46,13,13,0,8,0,8,0,0,0,0,0,0,0,0,0,0,21,1,2,4,2,2,20,4,3.8,11,0
613,unified,off,21,156,149,0.9551,40,38,0.95,0,20,20,0,0,1,1,0,0,0,9,0,0,0,0,1,0,20,2,3,1,2,2,20,10,3.7,13,8
613,protect_l,left,21,144,149,1.0347,37,38,1.027,53,20,20,0,0,1,1,0,0,0,0,0,0,0,0,1,0,20,2,3,1,2,2,20,10,3.7,8,0
613,protect_s,symmetric,21,88,149,1.6932,23,38,1.6522,70,7,7,0,13,1,14,0,0,0,0,0,0,0,0,1,0,20,2,3,1,2,2,20,10,3.7,8,0
614,unified,off,21,84,69,0.8214,22,18,0.8182,0,3,3,0,18,0,0,0,0,18,37,0,0,0,0,0,0,21,1,2,2,2,2,20,6,4.05,12,4
614,protect_l,left,21,60,69,1.15,16,18,1.125,21,21,21,0,0,0,0,0,0,0,0,0,0,0,0,0,0,21,1,2,2,2,2,20,6,4.05,8,0
614,protect_s,symmetric,21,60,69,1.15,16,18,1.125,30,16,16,0,5,0,5,0,0,0,0,0,0,0,0,0,0,21,1,2,2,2,2,20,6,4.05,8,0
615,unified,off,20,148,141,0.9527,38,36,0.9474,0,19,19,0,0,1,1,0,0,0,0,0,0,0,0,1,0,19,2,1,2,2,2,20,9,3.6,12,7
615,protect_l,left,20,148,141,0.9527,38,36,0.9474,49,19,19,0,0,1,1,0,0,0,0,0,0,0,0,1,0,19,2,1,2,2,2,20,9,3.6,10,0
615,protect_s,symmetric,20,92,141,1.5326,24,36,1.5,65,13,13,0,6,1,7,0,0,0,0,0,0,0,0,1,0,19,2,1,2,2,2,20,9,3.6,10,0
616,unified,off,21,68,89,1.3088,18,23,1.2778,0,4,4,0,17,0,0,0,0,17,36,0,0,0,0,0,0,21,1,2,2,2,2,20,9,3.45,10,3
616,protect_l,left,21,168,89,0.5298,43,23,0.5349,49,21,21,0,0,0,0,0,0,0,0,0,0,0,0,0,0,21,1,2,2,2,2,20,9,3.45,10,0
616,protect_s,symmetric,21,160,89,0.5563,41,23,0.561,56,10,10,0,11,0,11,0,0,0,0,0,0,0,0,0,0,21,1,2,2,2,2,20,9,3.45,10,0
617,unified,off,21,92,129,1.4022,24,33,1.375,0,21,21,0,0,0,0,0,0,0,10,0,0,0,0,0,0,21,1,2,1,2,2,20,6,3.7,9,2
617,protect_l,left,21,80,129,1.6125,21,33,1.5714,38,19,19,0,2,0,2,0,0,0,0,0,0,0,0,0,0,21,1,2,1,2,2,20,6,3.7,7,0
617,protect_s,symmetric,21,72,129,1.7917,19,33,1.7368,60,17,17,0,4,0,4,0,0,0,0,0,0,0,0,0,0,21,1,2,1,2,2,20,6,3.7,7,0
618,unified,off,20,144,97,0.6736,37,25,0.6757,0,20,20,0,0,0,0,0,0,0,0,0,0,0,0,0,0,20,1,3,1,2,2,20,7,3.75,12,3
618,protect_l,left,20,128,97,0.7578,33,25,0.7576,25,20,20,0,0,0,0,0,0,0,0,0,0,0,0,0,0,20,1,3,1,2,2,20,7,3.75,11,0
618,protect_s,symmetric,20,88,97,1.1023,23,25,1.087,31,13,13,0,7,0,7,0,0,0,0,0,0,0,0,0,0,20,1,3,1,2,2,20,7,3.75,11,0
619,unified,off,20,196,165,0.8418,50,42,0.84,0,3,3,0,16,1,1,0,0,16,31,0,0,0,0,1,0,19,1,5,1,2,2,20,5,3.6,15,5
619,protect_l,left,20,200,165,0.825,51,42,0.8235,57,19,19,0,0,1,1,0,0,0,0,0,0,0,0,1,0,19,1,5,1,2,2,20,5,3.6,11,0
619,protect_s,symmetric,20,160,165,1.0312,41,42,1.0244,60,5,5,0,14,1,15,0,0,0,0,0,0,0,0,1,0,19,1,5,1,2,2,20,5,3.6,11,0
620,unified,off,21,100,117,1.17,26,30,1.1538,0,21,21,0,0,0,0,0,0,0,0,0,0,0,0,0,0,21,2,3,3,2,2,20,11,3.8,5,1
620,protect_l,left,21,92,117,1.2717,24,30,1.25,12,21,21,0,0,0,0,0,0,0,0,0,0,0,0,0,0,21,2,3,3,2,2,20,11,3.8,4,0
620,protect_s,symmetric,21,40,117,2.925,11,30,2.7273,18,8,8,0,13,0,13,0,0,0,0,0,0,0,0,0,0,21,2,3,3,2,2,20,11,3.8,4,0
621,unified,off,21,60,77,1.2833,16,20,1.25,0,21,21,0,0,0,0,0,0,0,0,0,0,0,0,0,0,21,1,1,2,2,2,20,9,3.9,9,2
621,protect_l,left,21,52,77,1.4808,14,20,1.4286,28,21,21,0,0,0,0,0,0,0,0,0,0,0,0,0,0,21,1,1,2,2,2,20,9,3.9,7,0
621,protect_s,symmetric,21,52,77,1.4808,14,20,1.4286,35,12,12,0,9,0,9,0,0,0,0,0,0,0,0,0,0,21,1,1,2,2,2,20,9,3.9,7,0
622,unified,off,21,64,49,0.7656,17,13,0.7647,0,21,21,0,0,0,0,0,0,0,17,0,0,0,0,0,0,21,2,2,3,2,2,20,12,4.0,7,4
622,protect_l,left,21,32,49,1.5312,9,13,1.4444,21,21,21,0,0,0,0,0,0,0,0,0,0,0,0,0,0,21,2,2,3,2,2,20,12,4.0,3,0
622,protect_s,symmetric,21,32,49,1.5312,9,13,1.4444,42,20,20,0,1,0,1,0,0,0,0,0,0,0,0,0,0,21,2,2,3,2,2,20,12,4.0,3,0
623,unified,off,20,44,41,0.9318,12,11,0.9167,0,20,20,0,0,0,0,0,0,0,0,0,0,0,0,0,0,20,2,1,2,2,2,20,10,3.95,5,0
623,protect_l,left,20,44,41,0.9318,12,11,0.9167,20,20,20,0,0,0,0,0,0,0,0,0,0,0,0,0,0,20,2,1,2,2,2,20,10,3.95,5,0
623,protect_s,symmetric,20,44,41,0.9318,12,11,0.9167,24,20,20,0,0,0,0,0,0,0,0,0,0,0,0,0,0,20,2,1,2,2,2,20,10,3.95,5,0
624,unified,off,21,136,89,0.6544,35,23,0.6571,0,18,18,0,0,3,3,0,0,0,0,0,0,0,0,3,0,18,1,2,4,2,2,20,10,3.95,16,9
624,protect_l,left,21,68,89,1.3088,18,23,1.2778,33,17,17,0,1,3,4,0,0,0,0,0,0,0,0,3,0,18,1,2,4,2,2,20,10,3.95,7,0
624,protect_s,symmetric,21,52,89,1.7115,14,23,1.6429,40,7,7,0,11,3,14,0,0,0,0,0,0,0,0,3,0,18,1,2,4,2,2,20,10,3.95,7,0
625,unified,off,21,132,93,0.7045,34,24,0.7059,0,21,21,0,0,0,0,0,0,0,0,0,0,0,0,0,0,21,1,3,3,2,2,20,9,3.6,15,7
625,protect_l,left,21,76,93,1.2237,20,24,1.2,32,21,21,0,0,0,0,0,0,0,0,0,0,0,0,0,0,21,1,3,3,2,2,20,9,3.6,8,0
625,protect_s,symmetric,21,60,93,1.55,16,24,1.5,38,10,10,0,11,0,11,0,0,0,0,0,0,0,0,0,0,21,1,3,3,2,2,20,9,3.6,8,0
626,unified,off,21,120,121,1.0083,31,31,1.0,0,7,7,0,14,0,0,0,0,14,32,0,0,0,0,0,0,21,1,4,1,2,2,20,7,3.6,12,5
626,protect_l,left,21,96,121,1.2604,25,31,1.24,31,21,21,0,0,0,0,0,0,0,0,0,0,0,0,0,0,21,1,4,1,2,2,20,7,3.6,9,0
626,protect_s,symmetric,21,64,121,1.8906,17,31,1.8235,38,13,13,0,8,0,8,0,0,0,0,0,0,0,0,0,0,21,1,4,1,2,2,20,7,3.6,9,0
627,unified,off,21,76,41,0.5395,20,11,0.55,0,1,1,0,19,1,1,0,0,19,37,0,0,0,0,1,0,20,3,1,4,2,2,20,12,3.45,10,5
627,protect_l,left,21,36,41,1.1389,10,11,1.1,16,20,20,0,0,1,1,0,0,0,0,0,0,0,0,1,0,20,3,1,4,2,2,20,12,3.45,2,0
627,protect_s,symmetric,21,16,41,2.5625,5,11,2.2,24,7,7,0,13,1,14,0,0,0,0,0,0,0,0,1,0,20,3,1,4,2,2,20,12,3.45,2,0
628,unified,off,21,92,65,0.7065,24,17,0.7083,0,21,21,0,0,0,0,0,0,0,0,0,0,0,0,0,0,21,1,1,4,2,2,20,7,4.0,11,3
628,protect_l,left,21,72,65,0.9028,19,17,0.8947,23,21,21,0,0,0,0,0,0,0,0,0,0,0,0,0,0,21,1,1,4,2,2,20,7,4.0,8,0
628,protect_s,symmetric,21,64,65,1.0156,17,17,1.0,35,15,15,0,6,0,6,0,0,0,0,0,0,0,0,0,0,21,1,1,4,2,2,20,7,4.0,8,0
629,unified,off,21,240,221,0.9208,61,56,0.918,0,12,12,0,7,2,2,0,0,7,14,0,0,0,0,2,0,19,2,2,3,2,2,20,10,3.75,13,5
629,protect_l,left,21,160,221,1.3813,41,56,1.3659,28,17,17,0,2,2,4,0,0,0,0,0,0,0,0,2,0,19,2,2,3,2,2,20,10,3.75,8,0
629,protect_s,symmetric,21,64,221,3.4531,17,56,3.2941,36,7,7,0,12,2,14,0,0,0,0,0,0,0,0,2,0,19,2,2,3,2,2,20,10,3.75,8,0
630,unified,off,21,72,85,1.1806,19,22,1.1579,0,3,3,0,18,0,0,0,0,18,35,0,0,0,0,0,0,21,2,4,1,2,2,20,7,4.15,7,2
630,protect_l,left,21,104,85,0.8173,27,22,0.8148,30,21,21,0,0,0,0,0,0,0,0,0,0,0,0,0,0,21,2,4,1,2,2,20,7,4.15,10,0
630,protect_s,symmetric,21,80,85,1.0625,21,22,1.0476,38,13,13,0,8,0,8,0,0,0,0,0,0,0,0,0,0,21,2,4,1,2,2,20,7,4.15,10,0
631,unified,off,21,80,69,0.8625,21,18,0.8571,0,4,4,0,11,6,17,0,0,0,14,0,0,0,0,6,0,15,1,2,4,2,2,20,9,3.5,11,3
631,protect_l,left,21,60,69,1.15,16,18,1.125,22,15,15,0,0,6,6,0,0,0,0,0,0,0,0,6,0,15,1,2,4,2,2,20,9,3.5,7,0
631,protect_s,symmetric,21,60,69,1.15,16,18,1.125,30,12,12,0,3,6,9,0,0,0,0,0,0,0,0,6,0,15,1,2,4,2,2,20,9,3.5,7,0
632,unified,off,20,132,73,0.553,34,19,0.5588,0,20,20,0,0,0,0,0,0,0,0,0,0,0,0,0,0,20,3,1,2,2,2,20,12,4.1,10,6
632,protect_l,left,20,116,73,0.6293,30,19,0.6333,35,20,20,0,0,0,0,0,0,0,0,0,0,0,0,0,0,20,3,1,2,2,2,20,12,4.1,6,0
632,protect_s,symmetric,20,60,73,1.2167,16,19,1.1875,42,5,5,0,15,0,15,0,0,0,0,0,0,0,0,0,0,20,3,1,2,2,2,20,12,4.1,6,0
633,unified,off,21,208,173,0.8317,53,44,0.8302,0,21,21,0,0,0,0,0,0,0,0,0,0,0,0,0,0,21,1,3,3,2,2,20,8,3.8,17,7
633,protect_l,left,21,100,173,1.73,26,44,1.6923,48,13,13,0,8,0,8,0,0,0,0,0,0,0,0,0,0,21,1,3,3,2,2,20,8,3.8,8,0
633,protect_s,symmetric,21,56,173,3.0893,15,44,2.9333,56,5,5,0,16,0,16,0,0,0,0,0,0,0,0,0,0,21,1,3,3,2,2,20,8,3.8,8,0
634,unified,off,21,88,101,1.1477,23,26,1.1304,0,21,21,0,0,0,0,0,0,0,0,0,0,0,0,0,0,21,1,2,1,2,2,20,6,3.95,11,3
634,protect_l,left,21,80,101,1.2625,21,26,1.2381,16,21,21,0,0,0,0,0,0,0,0,0,0,0,0,0,0,21,1,2,1,2,2,20,6,3.95,9,0
634,protect_s,symmetric,21,76,101,1.3289,20,26,1.3,23,21,21,0,0,0,0,0,0,0,0,0,0,0,0,0,0,21,1,2,1,2,2,20,6,3.95,9,0
635,unified,off,21,120,109,0.9083,31,28,0.9032,0,1,1,0,20,0,0,0,0,20,39,0,0,0,0,0,0,21,6,1,2,2,2,20,15,3.3,11,6
635,protect_l,left,21,100,109,1.09,26,28,1.0769,37,21,21,0,0,0,0,0,0,0,0,0,0,0,0,0,0,21,6,1,2,2,2,20,15,3.3,5,0
635,protect_s,symmetric,21,36,109,3.0278,10,28,2.8,42,2,2,0,19,0,19,0,0,0,0,0,0,0,0,0,0,21,6,1,2,2,2,20,15,3.3,5,0
636,unified,off,21,212,149,0.7028,54,38,0.7037,0,2,2,0,19,0,0,0,0,19,38,0,0,0,0,0,0,21,2,2,3,2,2,20,10,3.8,15,8
636,protect_l,left,21,128,149,1.1641,33,38,1.1515,53,20,20,0,1,0,1,0,0,0,0,0,0,0,0,0,0,21,2,2,3,2,2,20,10,3.8,7,0
636,protect_s,symmetric,21,80,149,1.8625,21,38,1.8095,67,10,10,0,11,0,11,0,0,0,0,0,0,0,0,0,0,21,2,2,3,2,2,20,10,3.8,7,0
637,unified,off,21,224,197,0.8795,57,50,0.8772,0,20,20,0,0,1,1,0,0,0,11,0,0,0,0,1,0,20,2,1,4,2,2,20,9,3.45,14,5
637,protect_l,left,21,180,197,1.0944,46,50,1.087,60,20,20,0,0,1,1,0,0,0,0,0,0,0,0,1,0,20,2,1,4,2,2,20,9,3.45,9,0
637,protect_s,symmetric,21,120,197,1.6417,31,50,1.6129,78,13,13,0,7,1,8,0,0,0,0,0,0,0,0,1,0,20,2,1,4,2,2,20,9,3.45,9,0
638,unified,off,21,112,73,0.6518,29,19,0.6552,0,1,1,0,20,0,0,0,0,20,42,0,0,0,0,0,0,21,2,4,1,2,2,20,14,3.9,8,8
638,protect_l,left,21,80,73,0.9125,21,19,0.9048,15,2,2,0,19,0,19,0,0,0,0,0,0,0,0,0,0,21,2,4,1,2,2,20,14,3.9,1,0
638,protect_s,symmetric,21,12,73,6.0833,4,19,4.75,19,2,2,0,19,0,19,0,0,0,0,0,0,0,0,0,0,21,2,4,1,2,2,20,14,3.9,1,0
639,unified,off,21,28,13,0.4643,8,4,0.5,0,21,21,0,0,0,0,0,0,0,1,0,0,0,0,0,0,21,1,1,2,2,2,20,6,3.7,2,1
639,protect_l,left,21,20,13,0.65,6,4,0.6667,6,21,21,0,0,0,0,0,0,0,0,0,0,0,0,0,0,21,1,1,2,2,2,20,6,3.7,1,0
639,protect_s,symmetric,21,20,13,0.65,6,4,0.6667,12,21,21,0,0,0,0,0,0,0,0,0,0,0,0,0,0,21,1,1,2,2,2,20,6,3.7,1,0
640,unified,off,21,112,133,1.1875,29,34,1.1724,0,21,21,0,0,0,0,0,0,0,4,0,0,0,0,0,0,21,2,1,2,2,2,20,14,4.05,8,6
640,protect_l,left,21,92,133,1.4457,24,34,1.4167,13,20,20,0,1,0,1,0,0,0,0,0,0,0,0,0,0,21,2,1,2,2,2,20,14,4.05,4,0
640,protect_s,symmetric,21,32,133,4.1562,9,34,3.7778,19,5,5,0,16,0,16,0,0,0,0,0,0,0,0,0,0,21,2,1,2,2,2,20,14,4.05,4,0
641,unified,off,21,60,85,1.4167,16,22,1.375,0,21,21,0,0,0,0,0,0,0,0,0,0,0,0,0,0,21,2,2,1,2,2,20,11,3.35,5,2
641,protect_l,left,21,60,85,1.4167,16,22,1.375,12,21,21,0,0,0,0,0,0,0,0,0,0,0,0,0,0,21,2,2,1,2,2,20,11,3.35,5,0
641,protect_s,symmetric,21,36,85,2.3611,10,22,2.2,27,12,12,0,9,0,9,0,0,0,0,0,0,0,0,0,0,21,2,2,1,2,2,20,11,3.35,5,0
642,unified,off,21,196,249,1.2704,50,63,1.26,0,20,20,0,0,1,1,0,0,0,1,0,0,0,0,1,0,20,1,4,2,2,2,20,8,3.7,12,4
642,protect_l,left,21,184,249,1.3533,47,63,1.3404,39,19,19,0,1,1,2,0,0,0,0,0,0,0,0,1,0,20,1,4,2,2,2,20,8,3.7,9,0
642,protect_s,symmetric,21,152,249,1.6382,39,63,1.6154,44,10,10,0,10,1,11,0,0,0,0,0,0,0,0,1,0,20,1,4,2,2,2,20,8,3.7,9,0
643,unified,off,21,176,145,0.8239,45,37,0.8222,0,20,20,0,0,1,1,0,0,0,2,0,0,0,0,1,0,20,2,3,2,2,2,20,12,3.35,13,7
643,protect_l,left,21,120,145,1.2083,31,37,1.1935,45,18,18,0,2,1,3,0,0,0,0,0,0,0,0,1,0,20,2,3,2,2,2,20,12,3.35,6,0
643,protect_s,symmetric,21,60,145,2.4167,16,37,2.3125,56,8,8,0,12,1,13,0,0,0,0,0,0,0,0,1,0,20,2,3,2,2,2,20,12,3.35,6,0
644,unified,off,21,100,125,1.25,26,32,1.2308,0,6,6,0,15,0,0,0,0,15,33,0,0,0,0,0,0,21,2,2,1,2,2,20,13,3.75,11,7
644,protect_l,left,21,56,125,2.2321,15,32,2.1333,12,5,5,0,16,0,16,0,0,0,0,0,0,0,0,0,0,21,2,2,1,2,2,20,13,3.75,2,0
644,protect_s,symmetric,21,16,125,7.8125,5,32,6.4,18,2,2,0,19,0,19,0,0,0,0,0,0,0,0,0,0,21,2,2,1,2,2,20,13,3.75,2,0
645,unified,off,21,36,45,1.25,10,12,1.2,0,21,21,0,0,0,0,0,0,0,0,0,0,0,0,0,0,21,2,2,2,2,2,20,11,3.75,5,1
645,protect_l,left,21,72,45,0.625,19,12,0.6316,45,20,20,0,1,0,1,0,0,0,0,0,0,0,0,0,0,21,2,2,2,2,2,20,11,3.75,7,0
645,protect_s,symmetric,21,72,45,0.625,19,12,0.6316,56,8,8,0,13,0,13,0,0,0,0,0,0,0,0,0,0,21,2,2,2,2,2,20,11,3.75,7,0
646,unified,off,21,88,69,0.7841,23,18,0.7826,0,14,14,0,2,5,0,0,0,7,15,0,0,0,0,5,0,16,1,2,3,2,2,20,5,3.85,11,3
646,protect_l,left,21,44,69,1.5682,12,18,1.5,14,14,14,0,2,5,7,0,0,0,0,0,0,0,0,5,0,16,1,2,3,2,2,20,5,3.85,5,0
646,protect_s,symmetric,21,32,69,2.1562,9,18,2.0,23,11,11,0,5,5,10,0,0,0,0,0,0,0,0,5,0,16,1,2,3,2,2,20,5,3.85,5,0
647,unified,off,20,120,109,0.9083,31,28,0.9032,0,20,20,0,0,0,0,0,0,0,1,0,0,0,0,0,0,20,1,1,5,2,2,20,6,3.3,13,4
647,protect_l,left,20,96,109,1.1354,25,28,1.12,40,20,20,0,0,0,0,0,0,0,0,0,0,0,0,0,0,20,1,1,5,2,2,20,6,3.3,9,0
647,protect_s,symmetric,20,76,109,1.4342,20,28,1.4,52,14,14,0,6,0,6,0,0,0,0,0,0,0,0,0,0,20,1,1,5,2,2,20,6,3.3,9,0
648,unified,off,21,100,69,0.69,26,18,0.6923,0,21,21,0,0,0,0,0,0,0,0,0,0,0,0,0,0,21,2,3,4,2,2,20,11,3.9,8,4
648,protect_l,left,21,72,69,0.9583,19,18,0.9474,27,21,21,0,0,0,0,0,0,0,0,0,0,0,0,0,0,21,2,3,4,2,2,20,11,3.9,4,0
648,protect_s,symmetric,21,40,69,1.725,11,18,1.6364,35,9,9,0,12,0,12,0,0,0,0,0,0,0,0,0,0,21,2,3,4,2,2,20,11,3.9,4,0
649,unified,off,21,148,153,1.0338,38,39,1.0263,0,9,9,0,12,0,0,0,0,12,27,0,0,0,0,0,0,21,1,2,1,2,2,20,7,3.9,12,4
649,protect_l,left,21,80,153,1.9125,21,39,1.8571,31,18,18,0,3,0,3,0,0,0,0,0,0,0,0,0,0,21,1,2,1,2,2,20,7,3.9,7,0
649,protect_s,symmetric,21,68,153,2.25,18,39,2.1667,47,15,15,0,6,0,6,0,0,0,0,0,0,0,0,0,0,21,1,2,1,2,2,20,7,3.9,7,0
650,unified,off,21,80,101,1.2625,21,26,1.2381,0,21,21,0,0,0,0,0,0,0,0,0,0,0,0,0,0,21,2,2,1,2,2,20,10,3.1,8,3
650,protect_l,left,21,56,101,1.8036,15,26,1.7333,52,21,21,0,0,0,0,0,0,0,0,0,0,0,0,0,0,21,2,2,1,2,2,20,10,3.1,5,0
650,protect_s,symmetric,21,56,101,1.8036,15,26,1.7333,69,12,12,0,9,0,9,0,0,0,0,0,0,0,0,0,0,21,2,2,1,2,2,20,10,3.1,5,0
651,unified,off,21,200,173,0.865,51,44,0.8627,0,20,20,0,0,1,1,0,0,0,0,0,0,0,0,1,0,20,1,1,5,2,2,20,7,3.75,16,7
651,protect_l,left,21,92,173,1.8804,24,44,1.8333,20,18,18,0,2,1,3,0,0,0,0,0,0,0,0,1,0,20,1,1,5,2,2,20,7,3.75,6,0
651,protect_s,symmetric,21,40,173,4.325,11,44,4.0,29,11,11,0,9,1,10,0,0,0,0,0,0,0,0,1,0,20,1,1,5,2,2,20,7,3.75,6,0
652,unified,off,20,136,153,1.125,35,39,1.1143,0,20,20,0,0,0,0,0,0,0,3,0,0,0,0,0,0,20,2,1,4,2,2,20,12,4.2,9,4
652,protect_l,left,20,100,153,1.53,26,39,1.5,23,20,20,0,0,0,0,0,0,0,0,0,0,0,0,0,0,20,2,1,4,2,2,20,12,4.2,5,0
652,protect_s,symmetric,20,40,153,3.825,11,39,3.5455,29,9,9,0,11,0,11,0,0,0,0,0,0,0,0,0,0,20,2,1,4,2,2,20,12,4.2,5,0
653,unified,off,21,144,125,0.8681,37,32,0.8649,0,21,21,0,0,0,0,0,0,0,0,0,0,0,0,0,0,21,1,3,1,2,2,20,6,3.15,11,1
653,protect_l,left,21,132,125,0.947,34,32,0.9412,22,21,21,0,0,0,0,0,0,0,0,0,0,0,0,0,0,21,1,3,1,2,2,20,6,3.15,10,0
653,protect_s,symmetric,21,88,125,1.4205,23,32,1.3913,29,12,12,0,9,0,9,0,0,0,0,0,0,0,0,0,0,21,1,3,1,2,2,20,6,3.15,10,0
654,unified,off,21,108,129,1.1944,28,33,1.1786,0,21,21,0,0,0,0,0,0,0,0,0,0,0,0,0,0,21,1,3,3,2,2,20,10,3.9,12,6
654,protect_l,left,21,116,129,1.1121,30,33,1.1,39,15,15,0,6,0,6,0,0,0,0,0,0,0,0,0,0,21,1,3,3,2,2,20,10,3.9,7,0
654,protect_s,symmetric,21,92,129,1.4022,24,33,1.375,50,11,11,0,10,0,10,0,0,0,0,0,0,0,0,0,0,21,1,3,3,2,2,20,10,3.9,7,0
655,unified,off,21,108,93,0.8611,28,24,0.8571,0,21,21,0,0,0,0,0,0,0,0,0,0,0,0,0,0,21,2,1,3,2,2,20,12,4.1,10,7
655,protect_l,left,21,68,93,1.3676,18,24,1.3333,16,7,7,0,14,0,14,0,0,0,0,0,0,0,0,0,0,21,2,1,3,2,2,20,12,4.1,4,0
655,protect_s,symmetric,21,32,93,2.9062,9,24,2.6667,25,7,7,0,14,0,14,0,0,0,0,0,0,0,0,0,0,21,2,1,3,2,2,20,12,4.1,4,0
656,unified,off,21,204,149,0.7304,52,38,0.7308,0,4,4,0,17,0,0,0,0,17,33,0,0,0,0,0,0,21,2,3,2,2,2,20,11,3.8,14,8
656,protect_l,left,21,92,149,1.6196,24,38,1.5833,23,21,21,0,0,0,0,0,0,0,0,0,0,0,0,0,0,21,2,3,2,2,2,20,11,3.8,5,0
656,protect_s,symmetric,21,36,149,4.1389,10,38,3.8,36,12,12,0,9,0,9,0,0,0,0,0,0,0,0,0,0,21,2,3,2,2,2,20,11,3.8,5,0
657,unified,off,21,104,97,0.9327,27,25,0.9259,0,21,21,0,0,0,0,0,0,0,0,0,0,0,0,0,0,21,2,2,3,2,2,20,13,3.5,8,4
657,protect_l,left,21,76,97,1.2763,20,25,1.25,40,21,21,0,0,0,0,0,0,0,0,0,0,0,0,0,0,21,2,2,3,2,2,20,13,3.5,5,0
657,protect_s,symmetric,21,44,97,2.2045,12,25,2.0833,47,10,10,0,11,0,11,0,0,0,0,0,0,0,0,0,0,21,2,2,3,2,2,20,13,3.5,5,0
658,unified,off,20,304,209,0.6875,77,53,0.6883,0,5,5,0,15,0,0,0,0,15,30,0,0,0,0,0,0,20,2,2,3,2,2,20,13,3.65,18,11
658,protect_l,left,20,140,209,1.4929,36,53,1.4722,23,19,19,0,1,0,1,0,0,0,0,0,0,0,0,0,0,20,2,2,3,2,2,20,13,3.65,4,0
658,protect_s,symmetric,20,36,209,5.8056,10,53,5.3,28,4,4,0,16,0,16,0,0,0,0,0,0,0,0,0,0,20,2,2,3,2,2,20,13,3.65,4,0
659,unified,off,21,64,61,0.9531,17,16,0.9412,0,3,3,0,18,0,0,0,0,18,37,0,0,0,0,0,0,21,2,2,1,2,2,20,12,3.75,7,5
659,protect_l,left,21,80,61,0.7625,21,16,0.7619,40,21,21,0,0,0,0,0,0,0,0,0,0,0,0,0,0,21,2,2,1,2,2,20,12,3.75,5,0
659,protect_s,symmetric,21,56,61,1.0893,15,16,1.0667,47,7,7,0,14,0,14,0,0,0,0,0,0,0,0,0,0,21,2,2,1,2,2,20,12,3.75,5,0
660,unified,off,21,180,205,1.1389,46,52,1.1304,0,20,20,0,0,1,1,0,0,0,15,0,0,0,0,1,0,20,3,2,1,2,2,20,14,3.55,12,8
660,protect_l,left,21,88,205,2.3295,23,52,2.2609,14,15,15,0,5,1,6,0,0,0,0,0,0,0,0,1,0,20,3,2,1,2,2,20,14,3.55,1,0
660,protect_s,symmetric,21,24,205,8.5417,7,52,7.4286,26,7,7,0,13,1,14,0,0,0,0,0,0,0,0,1,0,20,3,2,1,2,2,20,14,3.55,1,0
661,unified,off,21,112,93,0.8304,29,24,0.8276,0,21,21,0,0,0,0,0,0,0,0,0,0,0,0,0,0,21,1,3,4,2,2,20,8,4.0,10,2
661,protect_l,left,21,88,93,1.0568,23,24,1.0435,23,21,21,0,0,0,0,0,0,0,0,0,0,0,0,0,0,21,1,3,4,2,2,20,8,4.0,8,0
661,protect_s,symmetric,21,72,93,1.2917,19,24,1.2632,31,8,8,0,13,0,13,0,0,0,0,0,0,0,0,0,0,21,1,3,4,2,2,20,8,4.0,8,0
662,unified,off,21,128,129,1.0078,33,33,1.0,0,21,21,0,0,0,0,0,0,0,0,0,0,0,0,0,0,21,2,2,1,2,2,20,11,3.7,14,7
662,protect_l,left,21,116,129,1.1121,30,33,1.1,39,21,21,0,0,0,0,0,0,0,0,0,0,0,0,0,0,21,2,2,1,2,2,20,11,3.7,9,0
662,protect_s,symmetric,21,76,129,1.6974,20,33,1.65,53,11,11,0,10,0,10,0,0,0,0,0,0,0,0,0,0,21,2,2,1,2,2,20,11,3.7,9,0
663,unified,off,21,124,105,0.8468,32,27,0.8438,0,21,21,0,0,0,0,0,0,0,0,0,0,0,0,0,0,21,1,3,3,2,2,20,7,3.6,11,3
663,protect_l,left,21,128,105,0.8203,33,27,0.8182,27,21,21,0,0,0,0,0,0,0,0,0,0,0,0,0,0,21,1,3,3,2,2,20,7,3.6,9,0
663,protect_s,symmetric,21,120,105,0.875,31,27,0.871,39,16,16,0,5,0,5,0,0,0,0,0,0,0,0,0,0,21,1,3,3,2,2,20,7,3.6,9,0
664,unified,off,21,104,93,0.8942,27,24,0.8889,0,21,21,0,0,0,0,0,0,0,0,0,0,0,0,0,0,21,2,1,2,2,2,20,12,3.85,11,6
664,protect_l,left,21,56,93,1.6607,15,24,1.6,27,14,14,0,7,0,7,0,0,0,0,0,0,0,0,0,0,21,2,1,2,2,2,20,12,3.85,5,0
664,protect_s,symmetric,21,52,93,1.7885,14,24,1.7143,42,13,13,0,8,0,8,0,0,0,0,0,0,0,0,0,0,21,2,1,2,2,2,20,12,3.85,5,0
665,unified,off,20,48,57,1.1875,13,15,1.1538,0,20,20,0,0,0,0,0,0,0,0,0,0,0,0,0,0,20,1,1,1,2,2,20,10,4.2,5,2
665,protect_l,left,20,56,57,1.0179,15,15,1.0,21,20,20,0,0,0,0,0,0,0,0,0,0,0,0,0,0,20,1,1,1,2,2,20,10,4.2,5,0
665,protect_s,symmetric,20,48,57,1.1875,13,15,1.1538,29,13,13,0,7,0,7,0,0,0,0,0,0,0,0,0,0,20,1,1,1,2,2,20,10,4.2,5,0
666,unified,off,21,172,129,0.75,44,33,0.75,0,21,21,0,0,0,0,0,0,0,11,0,0,0,0,0,0,21,3,3,2,2,2,20,14,3.5,15,9
666,protect_l,left,21,92,129,1.4022,24,33,1.375,30,16,16,0,5,0,5,0,0,0,0,0,0,0,0,0,0,21,3,3,2,2,2,20,14,3.5,6,0
666,protect_s,symmetric,21,64,129,2.0156,17,33,1.9412,41,8,8,0,13,0,13,0,0,0,0,0,0,0,0,0,0,21,3,3,2,2,2,20,14,3.5,6,0
667,unified,off,21,316,325,1.0285,80,82,1.025,0,19,19,0,1,1,2,0,0,0,8,0,0,0,0,1,0,20,1,3,3,2,2,20,7,3.2,16,6
667,protect_l,left,21,176,325,1.8466,45,82,1.8222,25,13,13,0,7,1,8,0,0,0,0,0,0,0,0,1,0,20,1,3,3,2,2,20,7,3.2,10,0
667,protect_s,symmetric,21,100,325,3.25,26,82,3.1538,35,9,9,0,11,1,12,0,0,0,0,0,0,0,0,1,0,20,1,3,3,2,2,20,7,3.2,10,0
668,unified,off,21,148,125,0.8446,38,32,0.8421,0,21,21,0,0,0,0,0,0,0,0,0,0,0,0,0,0,21,3,3,1,2,2,20,12,3.35,13,6
668,protect_l,left,21,116,125,1.0776,30,32,1.0667,35,21,21,0,0,0,0,0,0,0,0,0,0,0,0,0,0,21,3,3,1,2,2,20,12,3.35,7,0
668,protect_s,symmetric,21,60,125,2.0833,16,32,2.0,42,4,4,0,17,0,17,0,0,0,0,0,0,0,0,0,0,21,3,3,1,2,2,20,12,3.35,7,0
669,unified,off,21,188,149,0.7926,48,38,0.7917,0,1,1,0,20,0,0,0,0,20,40,0,0,0,0,0,0,21,2,3,2,2,2,20,10,3.4,12,7
669,protect_l,left,21,108,149,1.3796,28,38,1.3571,43,12,12,0,9,0,9,0,0,0,0,0,0,0,0,0,0,21,2,3,2,2,2,20,10,3.4,6,0
669,protect_s,symmetric,21,60,149,2.4833,16,38,2.375,51,3,3,0,18,0,18,0,0,0,0,0,0,0,0,0,0,21,2,3,2,2,2,20,10,3.4,6,0
670,unified,off,20,108,77,0.713,28,20,0.7143,0,2,2,0,18,0,0,0,0,18,35,0,0,0,0,0,0,20,1,2,2,2,2,20,11,3.7,10,4
670,protect_l,left,20,48,77,1.6042,13,20,1.5385,20,13,13,0,7,0,7,0,0,0,0,0,0,0,0,0,0,20,1,2,2,2,2,20,11,3.7,5,0
670,protect_s,symmetric,20,40,77,1.925,11,20,1.8182,27,13,13,0,7,0,7,0,0,0,0,0,0,0,0,0,0,20,1,2,2,2,2,20,11,3.7,5,0
671,unified,off,21,164,153,0.9329,42,39,0.9286,0,21,21,0,0,0,0,0,0,0,3,0,0,0,0,0,0,21,1,4,4,2,2,20,7,3.65,12,2
671,protect_l,left,21,148,153,1.0338,38,39,1.0263,47,21,21,0,0,0,0,0,0,0,0,0,0,0,0,0,0,21,1,4,4,2,2,20,7,3.65,10,0
671,protect_s,symmetric,21,124,153,1.2339,32,39,1.2188,52,7,7,0,14,0,14,0,0,0,0,0,0,0,0,0,0,21,1,4,4,2,2,20,7,3.65,10,0
672,unified,off,21,124,109,0.879,32,28,0.875,0,12,12,0,9,0,0,9,0,0,30,0,0,0,0,0,0,21,1,2,2,2,2,20,6,3.7,12,4
672,protect_l,left,21,116,109,0.9397,30,28,0.9333,28,21,21,0,0,0,0,0,0,0,0,0,0,0,0,0,0,21,1,2,2,2,2,20,6,3.7,9,0
672,protect_s,symmetric,21,96,109,1.1354,25,28,1.12,46,21,21,0,0,0,0,0,0,0,0,0,0,0,0,0,0,21,1,2,2,2,2,20,6,3.7,9,0
673,unified,off,21,128,109,0.8516,33,28,0.8485,0,1,1,0,20,0,0,0,0,20,40,0,0,0,0,0,0,21,2,2,2,2,2,20,13,4.0,9,6
673,protect_l,left,21,80,109,1.3625,21,28,1.3333,25,21,21,0,0,0,0,0,0,0,0,0,0,0,0,0,0,21,2,2,2,2,2,20,13,4.0,4,0
673,protect_s,symmetric,21,36,109,3.0278,10,28,2.8,31,2,2,0,19,0,19,0,0,0,0,0,0,0,0,0,0,21,2,2,2,2,2,20,13,4.0,4,0
674,unified,off,21,88,85,0.9659,23,22,0.9565,0,21,21,0,0,0,0,0,0,0,0,0,0,0,0,0,0,21,1,1,2,2,2,20,6,3.75,8,3
674,protect_l,left,21,96,85,0.8854,25,22,0.88,33,21,21,0,0,0,0,0,0,0,0,0,0,0,0,0,0,21,1,1,2,2,2,20,6,3.75,8,0
674,protect_s,symmetric,21,92,85,0.9239,24,22,0.9167,56,20,20,0,1,0,1,0,0,0,0,0,0,0,0,0,0,21,1,1,2,2,2,20,6,3.75,8,0
675,unified,off,21,192,261,1.3594,49,66,1.3469,0,20,20,0,0,1,1,0,0,0,0,0,0,0,0,1,0,20,2,3,1,2,2,20,12,4.0,14,7
675,protect_l,left,21,176,261,1.483,45,66,1.4667,52,20,20,0,0,1,1,0,0,0,0,0,0,0,0,1,0,20,2,3,1,2,2,20,12,4.0,7,0
675,protect_s,symmetric,21,88,261,2.9659,23,66,2.8696,66,7,7,0,13,1,14,0,0,0,0,0,0,0,0,1,0,20,2,3,1,2,2,20,12,4.0,7,0
676,unified,off,21,140,129,0.9214,36,33,0.9167,0,20,20,0,0,1,1,0,0,0,3,0,0,0,0,1,0,20,1,3,3,2,2,20,5,3.7,12,4
676,protect_l,left,21,100,129,1.29,26,33,1.2692,17,17,17,0,3,1,4,0,0,0,0,0,0,0,0,1,0,20,1,3,3,2,2,20,5,3.7,8,0
676,protect_s,symmetric,21,80,129,1.6125,21,33,1.5714,24,11,11,0,9,1,10,0,0,0,0,0,0,0,0,1,0,20,1,3,3,2,2,20,5,3.7,8,0
677,unified,off,20,140,129,0.9214,36,33,0.9167,0,2,2,0,18,0,0,0,0,18,36,0,0,0,0,0,0,20,2,1,4,2,2,20,14,3.55,10,6
677,protect_l,left,20,96,129,1.3438,25,33,1.32,42,18,18,0,2,0,2,0,0,0,0,0,0,0,0,0,0,20,2,1,4,2,2,20,14,3.55,4,0
677,protect_s,symmetric,20,52,129,2.4808,14,33,2.3571,61,12,12,0,8,0,8,0,0,0,0,0,0,0,0,0,0,20,2,1,4,2,2,20,14,3.55,4,0
678,unified,off,21,128,97,0.7578,33,25,0.7576,0,21,21,0,0,0,0,0,0,0,0,0,0,0,0,0,0,21,1,4,3,2,2,20,8,3.95,10,4
678,protect_l,left,21,84,97,1.1548,22,25,1.1364,22,15,15,0,6,0,6,0,0,0,0,0,0,0,0,0,0,21,1,4,3,2,2,20,8,3.95,6,0
678,protect_s,symmetric,21,64,97,1.5156,17,25,1.4706,38,10,10,0,11,0,11,0,0,0,0,0,0,0,0,0,0,21,1,4,3,2,2,20,8,3.95,6,0
679,unified,off,21,160,129,0.8063,41,33,0.8049,0,4,4,0,17,0,0,0,0,17,41,0,0,0,0,0,0,21,3,3,1,2,2,20,15,3.9,15,11
679,protect_l,left,21,84,129,1.5357,22,33,1.5,30,16,16,0,5,0,5,0,0,0,0,0,0,0,0,0,0,21,3,3,1,2,2,20,15,3.9,3,0
679,protect_s,symmetric,21,20,129,6.45,6,33,5.5,35,4,4,0,17,0,17,0,0,0,0,0,0,0,0,0,0,21,3,3,1,2,2,20,15,3.9,3,0
680,unified,off,21,196,177,0.9031,50,45,0.9,0,20,20,0,0,1,1,0,0,0,5,0,0,0,0,1,0,20,1,3,3,2,2,20,8,4.05,15,7
680,protect_l,left,21,120,177,1.475,31,45,1.4516,43,17,17,0,3,1,4,0,0,0,0,0,0,0,0,1,0,20,1,3,3,2,2,20,8,4.05,9,0
680,protect_s,symmetric,21,84,177,2.1071,22,45,2.0455,50,9,9,0,11,1,12,0,0,0,0,0,0,0,0,1,0,20,1,3,3,2,2,20,8,4.05,9,0
681,unified,off,21,72,61,0.8472,19,16,0.8421,0,21,21,0,0,0,0,0,0,0,0,0,0,0,0,0,0,21,1,3,1,2,2,20,8,3.45,10,4
681,protect_l,left,21,68,61,0.8971,18,16,0.8889,32,21,21,0,0,0,0,0,0,0,0,0,0,0,0,0,0,21,1,3,1,2,2,20,8,3.45,7,0
681,protect_s,symmetric,21,64,61,0.9531,17,16,0.9412,39,21,21,0,0,0,0,0,0,0,0,0,0,0,0,0,0,21,1,3,1,2,2,20,8,3.45,7,0
682,unified,off,21,136,109,0.8015,35,28,0.8,0,2,2,0,19,0,0,0,0,19,48,0,0,0,0,0,0,21,3,1,4,2,2,20,14,3.7,16,11
682,protect_l,left,21,36,109,3.0278,10,28,2.8,14,21,21,0,0,0,0,0,0,0,0,0,0,0,0,0,0,21,3,1,4,2,2,20,14,3.7,3,0
682,protect_s,symmetric,21,24,109,4.5417,7,28,4.0,20,3,3,0,18,0,18,0,0,0,0,0,0,0,0,0,0,21,3,1,4,2,2,20,14,3.7,3,0
683,unified,off,21,172,125,0.7267,44,32,0.7273,0,12,12,0,9,0,0,0,0,9,17,0,0,0,0,0,0,21,1,3,3,2,2,20,10,3.95,13,6
683,protect_l,left,21,88,125,1.4205,23,32,1.3913,27,20,20,0,1,0,1,0,0,0,0,0,0,0,0,0,0,21,1,3,3,2,2,20,10,3.95,6,0
683,protect_s,symmetric,21,52,125,2.4038,14,32,2.2857,34,8,8,0,13,0,13,0,0,0,0,0,0,0,0,0,0,21,1,3,3,2,2,20,10,3.95,6,0
684,unified,off,21,216,217,1.0046,55,55,1.0,0,21,21,0,0,0,0,0,0,0,0,0,0,0,0,0,0,21,1,1,3,2,2,20,6,3.2,14,4
684,protect_l,left,21,168,217,1.2917,43,55,1.2791,21,21,21,0,0,0,0,0,0,0,0,0,0,0,0,0,0,21,1,1,3,2,2,20,6,3.2,10,0
684,protect_s,symmetric,21,120,217,1.8083,31,55,1.7742,33,17,17,0,4,0,4,0,0,0,0,0,0,0,0,0,0,21,1,1,3,2,2,20,6,3.2,10,0
685,unified,off,21,216,177,0.8194,55,45,0.8182,0,19,19,0,0,2,2,0,0,0,0,0,0,0,0,2,0,19,2,2,3,2,2,20,10,3.7,15,5
685,protect_l,left,21,180,177,0.9833,46,45,0.9783,48,19,19,0,0,2,2,0,0,0,0,0,0,0,0,2,0,19,2,2,3,2,2,20,10,3.7,10,0
685,protect_s,symmetric,21,120,177,1.475,31,45,1.4516,68,12,12,0,7,2,9,0,0,0,0,0,0,0,0,2,0,19,2,2,3,2,2,20,10,3.7,10,0
686,unified,off,21,88,77,0.875,23,20,0.8696,0,21,21,0,0,0,0,0,0,0,0,0,0,0,0,0,0,21,1,1,2,2,2,20,7,4.0,13,2
686,protect_l,left,21,80,77,0.9625,21,20,0.9524,15,21,21,0,0,0,0,0,0,0,0,0,0,0,0,0,0,21,1,1,2,2,2,20,7,4.0,11,0
686,protect_s,symmetric,21,68,77,1.1324,18,20,1.1111,30,17,17,0,4,0,4,0,0,0,0,0,0,0,0,0,0,21,1,1,2,2,2,20,7,4.0,11,0
687,unified,off,21,264,233,0.8826,67,59,0.8806,0,1,1,0,19,1,1,0,0,19,38,0,0,0,0,1,0,20,2,3,4,2,2,20,12,3.5,16,10
687,protect_l,left,21,124,233,1.879,32,59,1.8438,67,20,20,0,0,1,1,0,0,0,0,0,0,0,0,1,0,20,2,3,4,2,2,20,12,3.5,6,0
687,protect_s,symmetric,21,92,233,2.5326,24,59,2.4583,78,11,11,0,9,1,10,0,0,0,0,0,0,0,0,1,0,20,2,3,4,2,2,20,12,3.5,6,0
688,unified,off,21,68,45,0.6618,18,12,0.6667,0,21,21,0,0,0,0,0,0,0,0,0,0,0,0,0,0,21,1,2,5,2,2,20,6,3.8,11,4
688,protect_l,left,21,52,45,0.8654,14,12,0.8571,10,21,21,0,0,0,0,0,0,0,0,0,0,0,0,0,0,21,1,2,5,2,2,20,6,3.8,7,0
688,protect_s,symmetric,21,44,45,1.0227,12,12,1.0,19,13,13,0,8,0,8,0,0,0,0,0,0,0,0,0,0,21,1,2,5,2,2,20,6,3.8,7,0
689,unified,off,21,68,21,0.3088,18,6,0.3333,0,1,1,0,20,0,0,0,0,20,41,0,0,0,0,0,0,21,4,1,2,2,2,20,16,3.6,7,6
689,protect_l,left,21,36,21,0.5833,10,6,0.6,10,21,21,0,0,0,0,0,0,0,0,0,0,0,0,0,0,21,4,1,2,2,2,20,16,3.6,1,0
689,protect_s,symmetric,21,12,21,1.75,4,6,1.5,14,5,5,0,16,0,16,0,0,0,0,0,0,0,0,0,0,21,4,1,2,2,2,20,16,3.6,1,0
690,unified,off,21,160,197,1.2312,41,50,1.2195,0,6,6,0,12,3,4,0,0,11,23,0,0,0,0,3,0,18,3,2,2,2,2,20,12,3.35,13,6
690,protect_l,left,21,144,197,1.3681,37,50,1.3514,28,18,18,0,0,3,3,0,0,0,0,0,0,0,0,3,0,18,3,2,2,2,2,20,12,3.35,8,0
690,protect_s,symmetric,21,88,197,2.2386,23,50,2.1739,37,8,8,0,10,3,13,0,0,0,0,0,0,0,0,3,0,18,3,2,2,2,2,20,12,3.35,8,0
691,unified,off,21,68,45,0.6618,18,12,0.6667,0,6,6,0,15,0,0,0,0,15,30,0,0,0,0,0,0,21,2,1,4,2,2,20,9,3.3,10,3
691,protect_l,left,21,52,45,0.8654,14,12,0.8571,13,21,21,0,0,0,0,0,0,0,0,0,0,0,0,0,0,21,2,1,4,2,2,20,9,3.3,5,0
691,protect_s,symmetric,21,48,45,0.9375,13,12,0.9231,19,21,21,0,0,0,0,0,0,0,0,0,0,0,0,0,0,21,2,1,4,2,2,20,9,3.3,5,0
692,unified,off,21,80,137,1.7125,21,35,1.6667,0,5,5,0,16,0,0,0,0,16,31,0,0,0,0,0,0,21,1,1,3,2,2,20,5,3.3,8,2
692,protect_l,left,21,120,137,1.1417,31,35,1.129,19,21,21,0,0,0,0,0,0,0,0,0,0,0,0,0,0,21,1,1,3,2,2,20,5,3.3,11,0
692,protect_s,symmetric,21,88,137,1.5568,23,35,1.5217,29,15,15,0,6,0,6,0,0,0,0,0,0,0,0,0,0,21,1,1,3,2,2,20,5,3.3,11,0
693,unified,off,21,164,161,0.9817,42,41,0.9762,0,21,21,0,0,0,0,0,0,0,7,0,0,0,0,0,0,21,2,2,2,2,2,20,9,3.8,13,7
693,protect_l,left,21,108,161,1.4907,28,41,1.4643,40,19,19,0,2,0,2,0,0,0,0,0,0,0,0,0,0,21,2,2,2,2,2,20,9,3.8,5,0
693,protect_s,symmetric,21,68,161,2.3676,18,41,2.2778,48,9,9,0,12,0,12,0,0,0,0,0,0,0,0,0,0,21,2,2,2,2,2,20,9,3.8,5,0
694,unified,off,21,104,85,0.8173,27,22,0.8148,0,21,21,0,0,0,0,0,0,0,0,0,0,0,0,0,0,21,1,2,4,2,2,20,9,3.8,15,9
694,protect_l,left,21,52,85,1.6346,14,22,1.5714,32,21,21,0,0,0,0,0,0,0,0,0,0,0,0,0,0,21,1,2,4,2,2,20,9,3.8,7,0
694,protect_s,symmetric,21,48,85,1.7708,13,22,1.6923,39,9,9,0,12,0,12,0,0,0,0,0,0,0,0,0,0,21,1,2,4,2,2,20,9,3.8,7,0
695,unified,off,20,80,105,1.3125,21,27,1.2857,0,17,17,0,0,3,3,0,0,0,3,0,0,0,0,3,0,17,2,1,3,2,2,20,13,4.25,6,4
695,protect_l,left,20,64,105,1.6406,17,27,1.5882,29,17,17,0,0,3,3,0,0,0,0,0,0,0,0,3,0,17,2,1,3,2,2,20,13,4.25,3,0
695,protect_s,symmetric,20,32,105,3.2812,9,27,3.0,35,6,6,0,11,3,14,0,0,0,0,0,0,0,0,3,0,17,2,1,3,2,2,20,13,4.25,3,0
696,unified,off,19,40,25,0.625,11,7,0.6364,0,19,19,0,0,0,0,0,0,0,0,0,0,0,0,0,0,19,2,1,4,2,2,20,12,3.75,6,2
696,protect_l,left,19,32,25,0.7812,9,7,0.7778,4,19,19,0,0,0,0,0,0,0,0,0,0,0,0,0,0,19,2,1,4,2,2,20,12,3.75,4,0
696,protect_s,symmetric,19,36,25,0.6944,10,7,0.7,18,7,7,0,12,0,12,0,0,0,0,0,0,0,0,0,0,19,2,1,4,2,2,20,12,3.75,4,0
697,unified,off,21,200,221,1.105,51,56,1.098,0,1,1,0,20,0,0,0,0,20,58,0,0,0,0,0,0,21,1,4,3,2,2,20,9,4.1,14,7
697,protect_l,left,21,156,221,1.4167,40,56,1.4,61,20,20,0,1,0,1,0,0,0,0,0,0,0,0,0,0,21,1,4,3,2,2,20,9,4.1,8,0
697,protect_s,symmetric,21,100,221,2.21,26,56,2.1538,70,10,10,0,11,0,11,0,0,0,0,0,0,0,0,0,0,21,1,4,3,2,2,20,9,4.1,8,0
698,unified,off,21,188,165,0.8777,48,42,0.875,0,20,20,0,0,1,1,0,0,0,0,0,0,0,0,1,0,20,1,3,2,2,2,20,3,3.2,14,2
698,protect_l,left,21,168,165,0.9821,43,42,0.9767,26,20,20,0,0,1,1,0,0,0,0,0,0,0,0,1,0,20,1,3,2,2,2,20,3,3.2,12,0
698,protect_s,symmetric,21,128,165,1.2891,33,42,1.2727,37,16,16,0,4,1,5,0,0,0,0,0,0,0,0,1,0,20,1,3,2,2,2,20,3,3.2,12,0
699,unified,off,21,84,81,0.9643,22,21,0.9545,0,21,21,0,0,0,0,0,0,0,0,0,0,0,0,0,0,21,1,1,3,2,2,20,8,4.55,7,2
699,protect_l,left,21,68,81,1.1912,18,21,1.1667,14,21,21,0,0,0,0,0,0,0,0,0,0,0,0,0,0,21,1,1,3,2,2,20,8,4.55,5,0
699,protect_s,symmetric,21,40,81,2.025,11,21,1.9091,30,16,16,0,5,0,5,0,0,0,0,0,0,0,0,0,0,21,1,1,3,2,2,20,8,4.55,5,0
700,unified,off,21,120,77,0.6417,31,20,0.6452,0,21,21,0,0,0,0,0,0,0,0,0,0,0,0,0,0,21,1,1,4,2,2,20,3,3.65,14,2
700,protect_l,left,21,140,77,0.55,36,20,0.5556,16,21,21,0,0,0,0,0,0,0,0,0,0,0,0,0,0,21,1,1,4,2,2,20,3,3.65,14,0
700,protect_s,symmetric,21,112,77,0.6875,29,20,0.6897,28,15,15,0,6,0,6,0,0,0,0,0,0,0,0,0,0,21,1,1,4,2,2,20,3,3.65,14,0
701,unified,off,21,100,49,0.49,26,13,0.5,0,14,14,0,7,0,0,0,0,7,15,0,0,0,0,0,0,21,2,4,1,2,2,20,11,4.05,10,5
701,protect_l,left,21,56,49,0.875,15,13,0.8667,11,21,21,0,0,0,0,0,0,0,0,0,0,0,0,0,0,21,2,4,1,2,2,20,11,4.05,5,0
701,protect_s,symmetric,21,40,49,1.225,11,13,1.1818,18,7,7,0,14,0,14,0,0,0,0,0,0,0,0,0,0,21,2,4,1,2,2,20,11,4.05,5,0
702,unified,off,21,144,117,0.8125,37,30,0.8108,0,21,21,0,0,0,0,0,0,0,0,0,0,0,0,0,0,21,1,4,3,2,2,20,7,3.3,16,5
702,protect_l,left,21,132,117,0.8864,34,30,0.8824,42,21,21,0,0,0,0,0,0,0,0,0,0,0,0,0,0,21,1,4,3,2,2,20,7,3.3,12,0
702,protect_s,symmetric,21,112,117,1.0446,29,30,1.0345,55,16,16,0,5,0,5,0,0,0,0,0,0,0,0,0,0,21,1,4,3,2,2,20,7,3.3,12,0
703,unified,off,21,148,113,0.7635,38,29,0.7632,0,20,20,0,0,1,1,0,0,0,0,0,0,0,0,1,0,20,1,1,5,2,2,20,8,3.65,15,7
703,protect_l,left,21,80,113,1.4125,21,29,1.381,34,16,16,0,4,1,5,0,0,0,0,0,0,0,0,1,0,20,1,1,5,2,2,20,8,3.65,6,0
703,protect_s,symmetric,21,52,113,2.1731,14,29,2.0714,43,8,8,0,12,1,13,0,0,0,0,0,0,0,0,1,0,20,1,1,5,2,2,20,8,3.65,6,0
704,unified,off,21,52,57,1.0962,14,15,1.0714,0,21,21,0,0,0,0,0,0,0,2,0,0,0,0,0,0,21,2,1,2,2,2,20,10,3.75,4,1
704,protect_l,left,21,48,57,1.1875,13,15,1.1538,14,21,21,0,0,0,0,0,0,0,0,0,0,0,0,0,0,21,2,1,2,2,2,20,10,3.75,3,0
704,protect_s,symmetric,21,44,57,1.2955,12,15,1.25,33,21,21,0,0,0,0,0,0,0,0,0,0,0,0,0,0,21,2,1,2,2,2,20,10,3.75,3,0
705,unified,off,21,168,133,0.7917,43,34,0.7907,0,19,19,0,0,2,2,0,0,0,0,0,0,0,0,2,0,19,1,1,4,2,2,20,9,3.65,17,8
705,protect_l,left,21,100,133,1.33,26,34,1.3077,19,19,19,0,0,2,2,0,0,0,0,0,0,0,0,2,0,19,1,1,4,2,2,20,9,3.65,7,0
705,protect_s,symmetric,21,48,133,2.7708,13,34,2.6154,27,9,9,0,10,2,12,0,0,0,0,0,0,0,0,2,0,19,1,1,4,2,2,20,9,3.65,7,0
706,unified,off,20,20,13,0.65,6,4,0.6667,0,20,20,0,0,0,0,0,0,0,0,0,0,0,0,0,0,20,2,1,1,2,2,20,9,3.65,1,0
706,protect_l,left,20,20,13,0.65,6,4,0.6667,8,20,20,0,0,0,0,0,0,0,0,0,0,0,0,0,0,20,2,1,1,2,2,20,9,3.65,1,0
706,protect_s,symmetric,20,20,13,0.65,6,4,0.6667,17,20,20,0,0,0,0,0,0,0,0,0,0,0,0,0,0,20,2,1,1,2,2,20,9,3.65,1,0
707,unified,off,21,208,141,0.6779,53,36,0.6792,0,19,19,0,0,2,2,0,0,0,0,0,0,0,0,2,0,19,2,2,5,2,2,20,11,3.95,14,8
707,protect_l,left,21,92,141,1.5326,24,36,1.5,20,17,17,0,2,2,4,0,0,0,0,0,0,0,0,2,0,19,2,2,5,2,2,20,11,3.95,5,0
707,protect_s,symmetric,21,44,141,3.2045,12,36,3.0,34,6,6,0,13,2,15,0,0,0,0,0,0,0,0,2,0,19,2,2,5,2,2,20,11,3.95,5,0
708,unified,off,21,196,169,0.8622,50,43,0.86,0,20,20,0,0,1,1,0,0,0,0,0,0,0,0,1,0,20,1,4,3,2,2,20,5,3.5,12,1
708,protect_l,left,21,200,169,0.845,51,43,0.8431,17,20,20,0,0,1,1,0,0,0,0,0,0,0,0,1,0,20,1,4,3,2,2,20,5,3.5,12,0
708,protect_s,symmetric,21,176,169,0.9602,45,43,0.9556,26,14,14,0,6,1,7,0,0,0,0,0,0,0,0,1,0,20,1,4,3,2,2,20,5,3.5,12,0
709,unified,off,21,92,77,0.837,24,20,0.8333,0,21,21,0,0,0,0,0,0,0,6,0,0,0,0,0,0,21,1,5,1,2,2,20,9,3.45,11,5
709,protect_l,left,21,56,77,1.375,15,20,1.3333,17,21,21,0,0,0,0,0,0,0,0,0,0,0,0,0,0,21,1,5,1,2,2,20,9,3.45,5,0
709,protect_s,symmetric,21,36,77,2.1389,10,20,2.0,23,11,11,0,10,0,10,0,0,0,0,0,0,0,0,0,0,21,1,5,1,2,2,20,9,3.45,5,0
710,unified,off,21,236,169,0.7161,60,43,0.7167,0,2,2,0,19,0,0,0,0,19,37,0,0,0,0,0,0,21,2,4,2,2,2,20,10,3.8,14,8
710,protect_l,left,21,104,169,1.625,27,43,1.5926,25,11,11,0,10,0,10,0,0,0,0,0,0,0,0,0,0,21,2,4,2,2,2,20,10,3.8,5,0
710,protect_s,symmetric,21,36,169,4.6944,10,43,4.3,33,3,3,0,18,0,18,0,0,0,0,0,0,0,0,0,0,21,2,4,2,2,2,20,10,3.8,5,0
711,unified,off,21,188,253,1.3457,48,64,1.3333,0,21,21,0,0,0,0,0,0,0,3,0,0,0,0,0,0,21,4,2,1,2,2,20,16,3.55,12,9
711,protect_l,left,21,108,253,2.3426,28,64,2.2857,23,18,18,0,3,0,3,0,0,0,0,0,0,0,0,0,0,21,4,2,1,2,2,20,16,3.55,3,0
711,protect_s,symmetric,21,36,253,7.0278,10,64,6.4,41,9,9,0,12,0,12,0,0,0,0,0,0,0,0,0,0,21,4,2,1,2,2,20,16,3.55,3,0
712,unified,off,21,24,21,0.875,7,6,0.8571,0,1,1,0,20,0,0,0,0,20,40,0,0,0,0,0,0,21,4,3,2,2,2,20,15,3.85,2,1
712,protect_l,left,21,16,21,1.3125,5,6,1.2,7,21,21,0,0,0,0,0,0,0,0,0,0,0,0,0,0,21,4,3,2,2,2,20,15,3.85,1,0
712,protect_s,symmetric,21,12,21,1.75,4,6,1.5,12,3,3,0,18,0,18,0,0,0,0,0,0,0,0,0,0,21,4,3,2,2,2,20,15,3.85,1,0
713,unified,off,21,176,153,0.8693,45,39,0.8667,0,2,2,0,19,0,0,0,0,19,43,0,0,0,0,0,0,21,1,1,4,2,2,20,5,3.35,15,4
713,protect_l,left,21,148,153,1.0338,38,39,1.0263,25,21,21,0,0,0,0,0,0,0,0,0,0,0,0,0,0,21,1,1,4,2,2,20,5,3.35,10,0
713,protect_s,symmetric,21,112,153,1.3661,29,39,1.3448,34,15,15,0,6,0,6,0,0,0,0,0,0,0,0,0,0,21,1,1,4,2,2,20,5,3.35,10,0
714,unified,off,21,172,97,0.564,44,25,0.5682,0,2,2,0,19,0,0,0,0,19,37,0,0,0,0,0,0,21,4,1,4,2,2,20,17,3.65,15,12
714,protect_l,left,21,80,97,1.2125,21,25,1.1905,15,8,8,0,13,0,13,0,0,0,0,0,0,0,0,0,0,21,4,1,4,2,2,20,17,3.65,1,0
714,protect_s,symmetric,21,12,97,8.0833,4,25,6.25,18,3,3,0,18,0,18,0,0,0,0,0,0,0,0,0,0,21,4,1,4,2,2,20,17,3.65,1,0
715,unified,off,20,144,113,0.7847,37,29,0.7838,0,20,20,0,0,0,0,0,0,0,1,0,0,0,0,0,0,20,3,3,2,2,2,20,16,4.1,12,10
715,protect_l,left,20,72,113,1.5694,19,29,1.5263,21,20,20,0,0,0,0,0,0,0,0,0,0,0,0,0,0,20,3,3,2,2,2,20,16,4.1,2,0
715,protect_s,symmetric,20,20,113,5.65,6,29,4.8333,25,4,4,0,16,0,16,0,0,0,0,0,0,0,0,0,0,20,3,3,2,2,2,20,16,4.1,2,0
716,unified,off,21,160,137,0.8562,41,35,0.8537,0,21,21,0,0,0,0,0,0,0,0,0,0,0,0,0,0,21,2,3,2,2,2,20,11,3.4,13,7
716,protect_l,left,21,180,137,0.7611,46,35,0.7609,64,21,21,0,0,0,0,0,0,0,0,0,0,0,0,0,0,21,2,3,2,2,2,20,11,3.4,7,0
716,protect_s,symmetric,21,120,137,1.1417,31,35,1.129,79,12,12,0,9,0,9,0,0,0,0,0,0,0,0,0,0,21,2,3,2,2,2,20,11,3.4,7,0
717,unified,off,21,232,197,0.8491,59,50,0.8475,0,4,4,0,17,0,0,0,0,17,46,0,0,0,0,0,0,21,2,2,3,2,2,20,11,3.65,18,10
717,protect_l,left,21,204,197,0.9657,52,50,0.9615,86,21,21,0,0,0,0,0,0,0,0,0,0,0,0,0,0,21,2,2,3,2,2,20,11,3.65,9,0
717,protect_s,symmetric,21,112,197,1.7589,29,50,1.7241,95,8,8,0,13,0,13,0,0,0,0,0,0,0,0,0,0,21,2,2,3,2,2,20,11,3.65,9,0
718,unified,off,21,100,133,1.33,26,34,1.3077,0,21,21,0,0,0,0,0,0,0,0,0,0,0,0,0,0,21,1,1,1,2,2,20,6,3.95,8,2
718,protect_l,left,21,76,133,1.75,20,34,1.7,16,20,20,0,1,0,1,0,0,0,0,0,0,0,0,0,0,21,1,1,1,2,2,20,6,3.95,7,0
718,protect_s,symmetric,21,60,133,2.2167,16,34,2.125,38,13,13,0,8,0,8,0,0,0,0,0,0,0,0,0,0,21,1,1,1,2,2,20,6,3.95,7,0
719,unified,off,21,104,81,0.7788,27,21,0.7778,0,21,21,0,0,0,0,0,0,0,1,0,0,0,0,0,0,21,1,3,3,2,2,20,6,3.45,10,2
719,protect_l,left,21,84,81,0.9643,22,21,0.9545,38,21,21,0,0,0,0,0,0,0,0,0,0,0,0,0,0,21,1,3,3,2,2,20,6,3.45,7,0
719,protect_s,symmetric,21,68,81,1.1912,18,21,1.1667,48,12,12,0,9,0,9,0,0,0,0,0,0,0,0,0,0,21,1,3,3,2,2,20,6,3.45,7,0
720,unified,off,21,156,125,0.8013,40,32,0.8,0,10,10,0,10,1,1,0,0,10,23,0,0,0,0,1,0,20,2,1,3,2,2,20,10,3.65,12,5
720,protect_l,left,21,112,125,1.1161,29,32,1.1034,49,17,17,0,3,1,4,0,0,0,0,0,0,0,0,1,0,20,2,1,3,2,2,20,10,3.65,7,0
720,protect_s,symmetric,21,60,125,2.0833,16,32,2.0,64,11,11,0,9,1,10,0,0,0,0,0,0,0,0,1,0,20,2,1,3,2,2,20,10,3.65,7,0
721,unified,off,21,164,121,0.7378,42,31,0.7381,0,17,17,0,1,3,4,0,0,0,6,0,0,0,0,3,0,18,2,1,4,2,2,20,12,3.1,14,9
721,protect_l,left,21,80,121,1.5125,21,31,1.4762,35,18,18,0,0,3,3,0,0,0,0,0,0,0,0,3,0,18,2,1,4,2,2,20,12,3.1,5,0
721,protect_s,symmetric,21,40,121,3.025,11,31,2.8182,51,14,14,0,4,3,7,0,0,0,0,0,0,0,0,3,0,18,2,1,4,2,2,20,12,3.1,5,0
722,unified,off,21,48,61,1.2708,13,16,1.2308,0,21,21,0,0,0,0,0,0,0,10,0,0,0,0,0,0,21,1,1,1,2,2,20,8,3.7,4,1
722,protect_l,left,21,44,61,1.3864,12,16,1.3333,6,21,21,0,0,0,0,0,0,0,0,0,0,0,0,0,0,21,1,1,1,2,2,20,8,3.7,3,0
722,protect_s,symmetric,21,20,61,3.05,6,16,2.6667,8,12,12,0,9,0,9,0,0,0,0,0,0,0,0,0,0,21,1,1,1,2,2,20,8,3.7,3,0
723,unified,off,21,180,177,0.9833,46,45,0.9783,0,21,21,0,0,0,0,0,0,0,0,0,0,0,0,0,0,21,2,1,3,2,2,20,12,3.95,17,11
723,protect_l,left,21,144,177,1.2292,37,45,1.2162,33,21,21,0,0,0,0,0,0,0,0,0,0,0,0,0,0,21,2,1,3,2,2,20,12,3.95,8,0
723,protect_s,symmetric,21,84,177,2.1071,22,45,2.0455,43,10,10,0,11,0,11,0,0,0,0,0,0,0,0,0,0,21,2,1,3,2,2,20,12,3.95,8,0
724,unified,off,21,184,141,0.7663,47,36,0.766,0,21,21,0,0,0,0,0,0,0,0,0,0,0,0,0,0,21,1,3,2,2,2,20,7,3.5,14,4
724,protect_l,left,21,152,141,0.9276,39,36,0.9231,37,21,21,0,0,0,0,0,0,0,0,0,0,0,0,0,0,21,1,3,2,2,2,20,7,3.5,10,0
724,protect_s,symmetric,21,120,141,1.175,31,36,1.1613,48,12,12,0,9,0,9,0,0,0,0,0,0,0,0,0,0,21,1,3,2,2,2,20,7,3.5,10,0
725,unified,off,20,60,61,1.0167,16,16,1.0,0,20,20,0,0,0,0,0,0,0,0,0,0,0,0,0,0,20,2,2,2,2,2,20,11,3.65,8,5
725,protect_l,left,20,36,61,1.6944,10,16,1.6,21,20,20,0,0,0,0,0,0,0,0,0,0,0,0,0,0,20,2,2,2,2,2,20,11,3.65,3,0
725,protect_s,symmetric,20,36,61,1.6944,10,16,1.6,27,20,20,0,0,0,0,0,0,0,0,0,0,0,0,0,0,20,2,2,2,2,2,20,11,3.65,3,0
726,unified,off,21,56,57,1.0179,15,15,1.0,0,21,21,0,0,0,0,0,0,0,8,0,0,0,0,0,0,21,2,3,1,2,2,20,14,3.65,8,5
726,protect_l,left,21,24,57,2.375,7,15,2.1429,12,21,21,0,0,0,0,0,0,0,0,0,0,0,0,0,0,21,2,3,1,2,2,20,14,3.65,3,0
726,protect_s,symmetric,21,24,57,2.375,7,15,2.1429,16,21,21,0,0,0,0,0,0,0,0,0,0,0,0,0,0,21,2,3,1,2,2,20,14,3.65,3,0
727,unified,off,21,140,161,1.15,36,41,1.1389,0,21,21,0,0,0,0,0,0,0,0,0,0,0,0,0,0,21,2,3,2,2,2,20,10,3.6,9,2
727,protect_l,left,21,172,161,0.936,44,41,0.9318,23,21,21,0,0,0,0,0,0,0,0,0,0,0,0,0,0,21,2,3,2,2,2,20,10,3.6,8,0
727,protect_s,symmetric,21,96,161,1.6771,25,41,1.64,41,8,8,0,13,0,13,0,0,0,0,0,0,0,0,0,0,21,2,3,2,2,2,20,10,3.6,8,0
728,unified,off,21,68,57,0.8382,18,15,0.8333,0,3,3,0,18,0,0,0,0,18,36,0,0,0,0,0,0,21,1,2,5,2,2,20,5,3.75,10,1
728,protect_l,left,21,56,57,1.0179,15,15,1.0,5,21,21,0,0,0,0,0,0,0,0,0,0,0,0,0,0,21,1,2,5,2,2,20,5,3.75,7,0
728,protect_s,symmetric,21,52,57,1.0962,14,15,1.0714,15,14,14,0,7,0,7,0,0,0,0,0,0,0,0,0,0,21,1,2,5,2,2,20,5,3.75,7,0
729,unified,off,21,132,185,1.4015,34,47,1.3824,0,21,21,0,0,0,0,0,0,0,14,0,0,0,0,0,0,21,2,3,3,2,2,20,8,3.6,12,5
729,protect_l,left,21,164,185,1.128,42,47,1.119,50,21,21,0,0,0,0,0,0,0,0,0,0,0,0,0,0,21,2,3,3,2,2,20,8,3.6,7,0
729,protect_s,symmetric,21,128,185,1.4453,33,47,1.4242,64,10,10,0,11,0,11,0,0,0,0,0,0,0,0,0,0,21,2,3,3,2,2,20,8,3.6,7,0
730,unified,off,21,116,133,1.1466,30,34,1.1333,0,3,3,0,17,1,1,0,0,17,36,0,0,0,0,1,0,20,2,1,1,2,2,20,12,3.65,7,6
730,protect_l,left,21,92,133,1.4457,24,34,1.4167,29,19,19,0,1,1,2,0,0,0,0,0,0,0,0,1,0,20,2,1,1,2,2,20,12,3.65,4,0
730,protect_s,symmetric,21,72,133,1.8472,19,34,1.7895,51,18,18,0,2,1,3,0,0,0,0,0,0,0,0,1,0,20,2,1,1,2,2,20,12,3.65,4,0
731,unified,off,21,72,53,0.7361,19,14,0.7368,0,4,4,0,17,0,0,0,0,17,38,0,0,0,0,0,0,21,1,2,1,2,2,20,8,3.9,8,3
731,protect_l,left,21,92,53,0.5761,24,14,0.5833,27,21,21,0,0,0,0,0,0,0,0,0,0,0,0,0,0,21,1,2,1,2,2,20,8,3.9,9,0
731,protect_s,symmetric,21,76,53,0.6974,20,14,0.7,32,6,6,0,15,0,15,0,0,0,0,0,0,0,0,0,0,21,1,2,1,2,2,20,8,3.9,9,0
732,unified,off,21,240,213,0.8875,61,54,0.8852,0,21,21,0,0,0,0,0,0,0,0,0,0,0,0,0,0,21,1,5,2,2,2,20,7,3.75,15,5
732,protect_l,left,21,148,213,1.4392,38,54,1.4211,47,14,14,0,7,0,7,0,0,0,0,0,0,0,0,0,0,21,1,5,2,2,2,20,7,3.75,10,0
732,protect_s,symmetric,21,124,213,1.7177,32,54,1.6875,60,8,8,0,13,0,13,0,0,0,0,0,0,0,0,0,0,21,1,5,2,2,2,20,7,3.75,10,0
733,unified,off,21,76,73,0.9605,20,19,0.95,0,21,21,0,0,0,0,0,0,0,0,0,0,0,0,0,0,21,1,2,2,2,2,20,11,3.65,9,3
733,protect_l,left,21,56,73,1.3036,15,19,1.2667,27,21,21,0,0,0,0,0,0,0,0,0,0,0,0,0,0,21,1,2,2,2,2,20,11,3.65,7,0
733,protect_s,symmetric,21,44,73,1.6591,12,19,1.5833,35,9,9,0,12,0,12,0,0,0,0,0,0,0,0,0,0,21,1,2,2,2,2,20,11,3.65,7,0
734,unified,off,21,124,117,0.9435,32,30,0.9375,0,21,21,0,0,0,0,0,0,0,0,0,0,0,0,0,0,21,1,3,1,2,2,20,7,3.7,8,1
734,protect_l,left,21,120,117,0.975,31,30,0.9677,25,21,21,0,0,0,0,0,0,0,0,0,0,0,0,0,0,21,1,3,1,2,2,20,7,3.7,7,0
734,protect_s,symmetric,21,96,117,1.2188,25,30,1.2,31,9,9,0,12,0,12,0,0,0,0,0,0,0,0,0,0,21,1,3,1,2,2,20,7,3.7,7,0
735,unified,off,21,240,149,0.6208,61,38,0.623,0,13,13,0,7,1,1,0,0,7,22,0,0,0,0,1,0,20,3,3,3,2,2,20,14,3.7,16,10
735,protect_l,left,21,96,149,1.5521,25,38,1.52,20,13,13,0,7,1,8,0,0,0,0,0,0,0,0,1,0,20,3,3,3,2,2,20,14,3.7,4,0
735,protect_s,symmetric,21,28,149,5.3214,8,38,4.75,26,5,5,0,15,1,16,0,0,0,0,0,0,0,0,1,0,20,3,3,3,2,2,20,14,3.7,4,0
736,unified,off,21,164,125,0.7622,42,32,0.7619,0,1,1,0,20,0,0,0,0,20,40,0,0,0,0,0,0,21,3,2,4,2,2,20,14,4.0,10,7
736,protect_l,left,21,80,125,1.5625,21,32,1.5238,17,21,21,0,0,0,0,0,0,0,0,0,0,0,0,0,0,21,3,2,4,2,2,20,14,4.0,4,0
736,protect_s,symmetric,21,24,125,5.2083,7,32,4.5714,21,4,4,0,17,0,17,0,0,0,0,0,0,0,0,0,0,21,3,2,4,2,2,20,14,4.0,4,0
737,unified,off,21,108,73,0.6759,28,19,0.6786,0,21,21,0,0,0,0,0,0,0,2,0,0,0,0,0,0,21,1,1,3,2,2,20,7,3.3,10,4
737,protect_l,left,21,72,73,1.0139,19,19,1.0,42,21,21,0,0,0,0,0,0,0,0,0,0,0,0,0,0,21,1,1,3,2,2,20,7,3.3,6,0
737,protect_s,symmetric,21,52,73,1.4038,14,19,1.3571,49,14,14,0,7,0,7,0,0,0,0,0,0,0,0,0,0,21,1,1,3,2,2,20,7,3.3,6,0
738,unified,off,21,116,41,0.3534,30,11,0.3667,0,1,1,0,20,0,0,0,0,20,39,0,0,0,0,0,0,21,2,2,5,2,2,20,10,3.7,11,8
738,protect_l,left,21,52,41,0.7885,14,11,0.7857,16,12,12,0,9,0,9,0,0,0,0,0,0,0,0,0,0,21,2,2,5,2,2,20,10,3.7,3,0
738,protect_s,symmetric,21,20,41,2.05,6,11,1.8333,23,5,5,0,16,0,16,0,0,0,0,0,0,0,0,0,0,21,2,2,5,2,2,20,10,3.7,3,0
739,unified,off,21,136,121,0.8897,35,31,0.8857,0,21,21,0,0,0,0,0,0,0,0,0,0,0,0,0,0,21,1,2,3,2,2,20,7,3.55,16,6
739,protect_l,left,21,64,121,1.8906,17,31,1.8235,43,17,17,0,4,0,4,0,0,0,0,0,0,0,0,0,0,21,1,2,3,2,2,20,7,3.55,10,0
739,protect_s,symmetric,21,56,121,2.1607,15,31,2.0667,50,9,9,0,12,0,12,0,0,0,0,0,0,0,0,0,0,21,1,2,3,2,2,20,7,3.55,10,0
740,unified,off,21,144,113,0.7847,37,29,0.7838,0,3,3,0,18,0,0,0,0,18,35,0,0,0,0,0,0,21,4,1,2,2,2,20,15,3.6,16,11
740,protect_l,left,21,48,113,2.3542,13,29,2.2308,21,12,12,0,9,0,9,0,0,0,0,0,0,0,0,0,0,21,4,1,2,2,2,20,15,3.6,2,0
740,protect_s,symmetric,21,28,113,4.0357,8,29,3.625,32,8,8,0,13,0,13,0,0,0,0,0,0,0,0,0,0,21,4,1,2,2,2,20,15,3.6,2,0
741,unified,off,21,72,61,0.8472,19,16,0.8421,0,21,21,0,0,0,0,0,0,0,0,0,0,0,0,0,0,21,1,1,6,2,2,20,8,3.6,7,1
741,protect_l,left,21,96,61,0.6354,25,16,0.64,35,21,21,0,0,0,0,0,0,0,0,0,0,0,0,0,0,21,1,1,6,2,2,20,8,3.6,10,0
741,protect_s,symmetric,21,76,61,0.8026,20,16,0.8,49,14,14,0,7,0,7,0,0,0,0,0,0,0,0,0,0,21,1,1,6,2,2,20,8,3.6,10,0
742,unified,off,21,116,93,0.8017,30,24,0.8,0,21,21,0,0,0,0,0,0,0,0,0,0,0,0,0,0,21,1,4,2,2,2,20,5,3.7,13,2
742,protect_l,left,21,100,93,0.93,26,24,0.9231,9,21,21,0,0,0,0,0,0,0,0,0,0,0,0,0,0,21,1,4,2,2,2,20,5,3.7,11,0
742,protect_s,symmetric,21,92,93,1.0109,24,24,1.0,23,16,16,0,5,0,5,0,0,0,0,0,0,0,0,0,0,21,1,4,2,2,2,20,5,3.7,11,0
743,unified,off,21,108,101,0.9352,28,26,0.9286,0,21,21,0,0,0,0,0,0,0,0,0,0,0,0,0,0,21,1,1,2,2,2,20,11,4.1,13,8
743,protect_l,left,21,48,101,2.1042,13,26,2.0,16,19,19,0,2,0,2,0,0,0,0,0,0,0,0,0,0,21,1,1,2,2,2,20,11,4.1,4,0
743,protect_s,symmetric,21,28,101,3.6071,8,26,3.25,26,14,14,0,7,0,7,0,0,0,0,0,0,0,0,0,0,21,1,1,2,2,2,20,11,4.1,4,0
744,unified,off,21,132,125,0.947,34,32,0.9412,0,21,21,0,0,0,0,0,0,0,10,0,0,0,0,0,0,21,1,1,3,2,2,20,7,3.55,10,3
744,protect_l,left,21,100,125,1.25,26,32,1.2308,39,21,21,0,0,0,0,0,0,0,0,0,0,0,0,0,0,21,1,1,3,2,2,20,7,3.55,7,0
744,protect_s,symmetric,21,76,125,1.6447,20,32,1.6,49,13,13,0,8,0,8,0,0,0,0,0,0,0,0,0,0,21,1,1,3,2,2,20,7,3.55,7,0
745,unified,off,20,152,113,0.7434,39,29,0.7436,0,4,4,0,16,0,0,0,0,16,32,0,0,0,0,0,0,20,1,7,1,2,2,20,7,4.05,12,4
745,protect_l,left,20,144,113,0.7847,37,29,0.7838,38,20,20,0,0,0,0,0,0,0,0,0,0,0,0,0,0,20,1,7,1,2,2,20,7,4.05,11,0
745,protect_s,symmetric,20,96,113,1.1771,25,29,1.16,46,8,8,0,12,0,12,0,0,0,0,0,0,0,0,0,0,20,1,7,1,2,2,20,7,4.05,11,0
746,unified,off,21,168,133,0.7917,43,34,0.7907,0,1,1,0,20,0,0,0,0,20,39,0,0,0,0,0,0,21,2,1,4,2,2,20,15,3.85,14,9
746,protect_l,left,21,80,133,1.6625,21,34,1.619,32,21,21,0,0,0,0,0,0,0,0,0,0,0,0,0,0,21,2,1,4,2,2,20,15,3.85,5,0
746,protect_s,symmetric,21,36,133,3.6944,10,34,3.4,36,5,5,0,16,0,16,0,0,0,0,0,0,0,0,0,0,21,2,1,4,2,2,20,15,3.85,5,0
747,unified,off,21,120,121,1.0083,31,31,1.0,0,21,21,0,0,0,0,0,0,0,0,0,0,0,0,0,0,21,1,1,1,2,2,20,8,3.55,13,4
747,protect_l,left,21,104,121,1.1635,27,31,1.1481,38,21,21,0,0,0,0,0,0,0,0,0,0,0,0,0,0,21,1,1,1,2,2,20,8,3.55,11,0
747,protect_s,symmetric,21,96,121,1.2604,25,31,1.24,68,21,21,0,0,0,0,0,0,0,0,0,0,0,0,0,0,21,1,1,1,2,2,20,8,3.55,11,0
748,unified,off,21,120,121,1.0083,31,31,1.0,0,2,2,0,19,0,0,0,0,19,37,0,0,0,0,0,0,21,1,2,4,2,2,20,8,3.9,12,4
748,protect_l,left,21,104,121,1.1635,27,31,1.1481,23,21,21,0,0,0,0,0,0,0,0,0,0,0,0,0,0,21,1,2,4,2,2,20,8,3.9,8,0
748,protect_s,symmetric,21,68,121,1.7794,18,31,1.7222,31,13,13,0,8,0,8,0,0,0,0,0,0,0,0,0,0,21,1,2,4,2,2,20,8,3.9,8,0
749,unified,off,21,84,85,1.0119,22,22,1.0,0,21,21,0,0,0,0,0,0,0,0,0,0,0,0,0,0,21,3,1,2,2,2,20,11,3.15,9,3
749,protect_l,left,21,76,85,1.1184,20,22,1.1,38,21,21,0,0,0,0,0,0,0,0,0,0,0,0,0,0,21,3,1,2,2,2,20,11,3.15,7,0
749,protect_s,symmetric,21,60,85,1.4167,16,22,1.375,51,8,8,0,13,0,13,0,0,0,0,0,0,0,0,0,0,21,3,1,2,2,2,20,11,3.15,7,0
750,unified,off,21,176,201,1.142,45,51,1.1333,0,15,15,0,6,0,0,0,0,6,12,0,0,0,0,0,0,21,1,2,4,2,2,20,3,3.5,13,1
750,protect_l,left,21,180,201,1.1167,46,51,1.1087,30,21,21,0,0,0,0,0,0,0,0,0,0,0,0,0,0,21,1,2,4,2,2,20,3,3.5,15,0
750,protect_s,symmetric,21,176,201,1.142,45,51,1.1333,39,16,16,0,5,0,5,0,0,0,0,0,0,0,0,0,0,21,1,2,4,2,2,20,3,3.5,15,0
751,unified,off,21,88,85,0.9659,23,22,0.9565,0,21,21,0,0,0,0,0,0,0,0,0,0,0,0,0,0,21,1,6,1,2,2,20,6,3.5,9,1
751,protect_l,left,21,84,85,1.0119,22,22,1.0,18,21,21,0,0,0,0,0,0,0,0,0,0,0,0,0,0,21,1,6,1,2,2,20,6,3.5,8,0
751,protect_s,symmetric,21,84,85,1.0119,22,22,1.0,29,21,21,0,0,0,0,0,0,0,0,0,0,0,0,0,0,21,1,6,1,2,2,20,6,3.5,8,0
752,unified,off,21,196,213,1.0867,50,54,1.08,0,17,17,0,0,4,4,0,0,0,1,0,0,0,0,4,0,17,1,2,2,2,2,20,7,3.2,14,4
752,protect_l,left,21,216,213,0.9861,55,54,0.9818,38,16,16,0,1,4,5,0,0,0,0,0,0,0,0,4,0,17,1,2,2,2,2,20,7,3.2,12,0
752,protect_s,symmetric,21,172,213,1.2384,44,54,1.2273,42,9,9,0,8,4,12,0,0,0,0,0,0,0,0,4,0,17,1,2,2,2,2,20,7,3.2,12,0
753,unified,off,21,88,137,1.5568,23,35,1.5217,0,6,6,0,15,0,0,0,0,15,35,0,0,0,0,0,0,21,1,2,6,2,2,20,7,3.8,11,4
753,protect_l,left,21,92,137,1.4891,24,35,1.4583,41,21,21,0,0,0,0,0,0,0,0,0,0,0,0,0,0,21,1,2,6,2,2,20,7,3.8,10,0
753,protect_s,symmetric,21,80,137,1.7125,21,35,1.6667,46,9,9,0,12,0,12,0,0,0,0,0,0,0,0,0,0,21,1,2,6,2,2,20,7,3.8,10,0
754,unified,off,21,76,57,0.75,20,15,0.75,0,21,21,0,0,0,0,0,0,0,0,0,0,0,0,0,0,21,1,4,2,2,2,20,12,4.05,8,4
754,protect_l,left,21,28,57,2.0357,8,15,1.875,15,21,21,0,0,0,0,0,0,0,0,0,0,0,0,0,0,21,1,4,2,2,2,20,12,4.05,3,0
754,protect_s,symmetric,21,24,57,2.375,7,15,2.1429,20,21,21,0,0,0,0,0,0,0,0,0,0,0,0,0,0,21,1,4,2,2,2,20,12,4.05,3,0
755,unified,off,21,200,145,0.725,51,37,0.7255,0,1,1,0,17,3,3,0,0,17,33,0,0,0,0,3,0,18,3,4,1,2,2,20,15,3.8,13,9
755,protect_l,left,21,88,145,1.6477,23,37,1.6087,11,18,18,0,0,3,3,0,0,0,0,0,0,0,0,3,0,18,3,4,1,2,2,20,15,3.8,3,0
755,protect_s,symmetric,21,20,145,7.25,6,37,6.1667,16,3,3,0,15,3,18,0,0,0,0,0,0,0,0,3,0,18,3,4,1,2,2,20,15,3.8,3,0
756,unified,off,21,252,317,1.2579,64,80,1.25,0,16,16,0,2,3,5,0,0,0,0,0,0,0,0,3,0,18,2,2,3,2,2,20,9,4.0,13,5
756,protect_l,left,21,184,317,1.7228,47,80,1.7021,64,16,16,0,2,3,5,0,0,0,0,0,0,0,0,3,0,18,2,2,3,2,2,20,9,4.0,7,0
756,protect_s,symmetric,21,112,317,2.8304,29,80,2.7586,72,7,7,0,11,3,14,0,0,0,0,0,0,0,0,3,0,18,2,2,3,2,2,20,9,4.0,7,0
757,unified,off,21,164,149,0.9085,42,38,0.9048,0,20,20,0,0,1,1,0,0,0,0,0,0,0,0,1,0,20,1,3,3,2,2,20,7,3.9,15,5
757,protect_l,left,21,136,149,1.0956,35,38,1.0857,39,20,20,0,0,1,1,0,0,0,0,0,0,0,0,1,0,20,1,3,3,2,2,20,7,3.9,10,0
757,protect_s,symmetric,21,116,149,1.2845,30,38,1.2667,50,13,13,0,7,1,8,0,0,0,0,0,0,0,0,1,0,20,1,3,3,2,2,20,7,3.9,10,0
758,unified,off,21,108,105,0.9722,28,27,0.9643,0,21,21,0,0,0,0,0,0,0,1,0,0,0,0,0,0,21,2,4,3,2,2,20,13,4.0,11,5
758,protect_l,left,21,124,105,0.8468,32,27,0.8438,61,20,20,0,1,0,1,0,0,0,0,0,0,0,0,0,0,21,2,4,3,2,2,20,13,4.0,6,0
758,protect_s,symmetric,21,92,105,1.1413,24,27,1.125,72,8,8,0,13,0,13,0,0,0,0,0,0,0,0,0,0,21,2,4,3,2,2,20,13,4.0,6,0
759,unified,off,20,148,153,1.0338,38,39,1.0263,0,20,20,0,0,0,0,0,0,0,0,0,0,0,0,0,0,20,1,4,2,2,2,20,4,3.4,13,3
759,protect_l,left,20,156,153,0.9808,40,39,0.975,24,20,20,0,0,0,0,0,0,0,0,0,0,0,0,0,0,20,1,4,2,2,2,20,4,3.4,10,0
759,protect_s,symmetric,20,128,153,1.1953,33,39,1.1818,40,15,15,0,5,0,5,0,0,0,0,0,0,0,0,0,0,20,1,4,2,2,2,20,4,3.4,10,0
760,unified,off,21,140,141,1.0071,36,36,1.0,0,18,18,0,0,3,3,0,0,0,4,0,0,0,0,3,0,18,3,2,1,2,2,20,16,3.95,9,6
760,protect_l,left,21,96,141,1.4688,25,36,1.44,22,17,17,0,1,3,4,0,0,0,0,0,0,0,0,3,0,18,3,2,1,2,2,20,16,3.95,2,0
760,protect_s,symmetric,21,36,141,3.9167,10,36,3.6,34,10,10,0,8,3,11,0,0,0,0,0,0,0,0,3,0,18,3,2,1,2,2,20,16,3.95,2,0
761,unified,off,21,156,101,0.6474,40,26,0.65,0,21,21,0,0,0,0,0,0,0,0,0,0,0,0,0,0,21,2,2,3,2,2,20,15,4.4,12,8
761,protect_l,left,21,80,101,1.2625,21,26,1.2381,28,18,18,0,3,0,3,0,0,0,0,0,0,0,0,0,0,21,2,2,3,2,2,20,15,4.4,5,0
761,protect_s,symmetric,21,36,101,2.8056,10,26,2.6,33,3,3,0,18,0,18,0,0,0,0,0,0,0,0,0,0,21,2,2,3,2,2,20,15,4.4,5,0
762,unified,off,21,304,177,0.5822,77,45,0.5844,0,1,1,0,18,2,2,0,0,18,35,0,0,0,0,2,0,19,2,2,3,2,2,20,12,3.6,15,9
762,protect_l,left,21,96,177,1.8438,25,45,1.8,22,8,8,0,11,2,13,0,0,0,0,0,0,0,0,2,0,19,2,2,3,2,2,20,12,3.6,3,0
762,protect_s,symmetric,21,24,177,7.375,7,45,6.4286,27,4,4,0,15,2,17,0,0,0,0,0,0,0,0,2,0,19,2,2,3,2,2,20,12,3.6,3,0
763,unified,off,21,272,281,1.0331,69,71,1.029,0,21,21,0,0,0,0,0,0,0,19,0,0,0,0,0,0,21,1,4,2,2,2,20,6,3.5,19,6
763,protect_l,left,21,148,281,1.8986,38,71,1.8684,47,21,21,0,0,0,0,0,0,0,0,0,0,0,0,0,0,21,1,4,2,2,2,20,6,3.5,14,0
763,protect_s,symmetric,21,108,281,2.6019,28,71,2.5357,62,16,16,0,5,0,5,0,0,0,0,0,0,0,0,0,0,21,1,4,2,2,2,20,6,3.5,14,0
764,unified,off,21,148,161,1.0878,38,41,1.0789,0,21,21,0,0,0,0,0,0,0,0,0,0,0,0,0,0,21,1,2,1,2,2,20,6,3.9,14,3
764,protect_l,left,21,88,161,1.8295,23,41,1.7826,15,21,21,0,0,0,0,0,0,0,0,0,0,0,0,0,0,21,1,2,1,2,2,20,6,3.9,9,0
764,protect_s,symmetric,21,80,161,2.0125,21,41,1.9524,21,21,21,0,0,0,0,0,0,0,0,0,0,0,0,0,0,21,1,2,1,2,2,20,6,3.9,9,0
765,unified,off,21,56,57,1.0179,15,15,1.0,0,21,21,0,0,0,0,0,0,0,11,0,0,0,0,0,0,21,3,2,1,2,2,20,16,3.9,8,5
765,protect_l,left,21,24,57,2.375,7,15,2.1429,15,21,21,0,0,0,0,0,0,0,0,0,0,0,0,0,0,21,3,2,1,2,2,20,16,3.9,2,0
765,protect_s,symmetric,21,20,57,2.85,6,15,2.5,17,21,21,0,0,0,0,0,0,0,0,0,0,0,0,0,0,21,3,2,1,2,2,20,16,3.9,2,0
766,unified,off,20,108,89,0.8241,28,23,0.8214,0,20,20,0,0,0,0,0,0,0,0,0,0,0,0,0,0,20,1,1,4,2,2,20,9,4.0,12,3
766,protect_l,left,20,88,89,1.0114,23,23,1.0,22,20,20,0,0,0,0,0,0,0,0,0,0,0,0,0,0,20,1,1,4,2,2,20,9,4.0,9,0
766,protect_s,symmetric,20,68,89,1.3088,18,23,1.2778,28,11,11,0,9,0,9,0,0,0,0,0,0,0,0,0,0,20,1,1,4,2,2,20,9,4.0,9,0
767,unified,off,21,220,89,0.4045,56,23,0.4107,0,21,21,0,0,0,0,0,0,0,10,0,0,0,0,0,0,21,2,3,1,2,2,20,16,3.6,15,12
767,protect_l,left,21,88,89,1.0114,23,23,1.0,12,15,15,0,6,0,6,0,0,0,0,0,0,0,0,0,0,21,2,3,1,2,2,20,16,3.6,0,0
767,protect_s,symmetric,21,8,89,11.125,3,23,7.6667,15,5,5,0,16,0,16,0,0,0,0,0,0,0,0,0,0,21,2,3,1,2,2,20,16,3.6,0,0
768,unified,off,21,100,73,0.73,26,19,0.7308,0,21,21,0,0,0,0,0,0,0,4,0,0,0,0,0,0,21,1,2,2,2,2,20,8,3.95,11,3
768,protect_l,left,21,76,73,0.9605,20,19,0.95,23,21,21,0,0,0,0,0,0,0,0,0,0,0,0,0,0,21,1,2,2,2,2,20,8,3.95,8,0
768,protect_s,symmetric,21,68,73,1.0735,18,19,1.0556,45,16,16,0,5,0,5,0,0,0,0,0,0,0,0,0,0,21,1,2,2,2,2,20,8,3.95,8,0
769,unified,off,21,72,89,1.2361,19,23,1.2105,0,21,21,0,0,0,0,0,0,0,0,0,0,0,0,0,0,21,3,4,2,2,2,20,15,3.55,5,3
769,protect_l,left,21,64,89,1.3906,17,23,1.3529,24,21,21,0,0,0,0,0,0,0,0,0,0,0,0,0,0,21,3,4,2,2,2,20,15,3.55,3,0
769,protect_s,symmetric,21,28,89,3.1786,8,23,2.875,28,3,3,0,18,0,18,0,0,0,0,0,0,0,0,0,0,21,3,4,2,2,2,20,15,3.55,3,0
770,unified,off,21,188,165,0.8777,48,42,0.875,0,21,21,0,0,0,0,0,0,0,0,0,0,0,0,0,0,21,1,2,1,2,2,20,7,3.5,15,4
770,protect_l,left,21,132,165,1.25,34,42,1.2353,38,21,21,0,0,0,0,0,0,0,0,0,0,0,0,0,0,21,1,2,1,2,2,20,7,3.5,11,0
770,protect_s,symmetric,21,92,165,1.7935,24,42,1.75,49,16,16,0,5,0,5,0,0,0,0,0,0,0,0,0,0,21,1,2,1,2,2,20,7,3.5,11,0
771,unified,off,21,144,141,0.9792,37,36,0.973,0,21,21,0,0,0,0,0,0,0,10,0,0,0,0,0,0,21,1,3,1,2,2,20,8,3.9,13,4
771,protect_l,left,21,104,141,1.3558,27,36,1.3333,30,19,19,0,2,0,2,0,0,0,0,0,0,0,0,0,0,21,1,3,1,2,2,20,8,3.9,7,0
771,protect_s,symmetric,21,76,141,1.8553,20,36,1.8,40,15,15,0,6,0,6,0,0,0,0,0,0,0,0,0,0,21,1,3,1,2,2,20,8,3.9,7,0
772,unified,off,21,268,205,0.7649,68,52,0.7647,0,21,21,0,0,0,0,0,0,0,0,0,0,0,0,0,0,21,2,3,5,2,2,20,12,3.05,13,6
772,protect_l,left,21,156,205,1.3141,40,52,1.3,64,18,18,0,3,0,3,0,0,0,0,0,0,0,0,0,0,21,2,3,5,2,2,20,12,3.05,7,0
772,protect_s,symmetric,21,96,205,2.1354,25,52,2.08,78,11,11,0,10,0,10,0,0,0,0,0,0,0,0,0,0,21,2,3,5,2,2,20,12,3.05,7,0
773,unified,off,21,88,93,1.0568,23,24,1.0435,0,21,21,0,0,0,0,0,0,0,0,0,0,0,0,0,0,21,2,2,4,2,2,20,10,3.95,7,5
773,protect_l,left,21,76,93,1.2237,20,24,1.2,20,6,6,0,15,0,15,0,0,0,0,0,0,0,0,0,0,21,2,2,4,2,2,20,10,3.95,6,0
773,protect_s,symmetric,21,32,93,2.9062,9,24,2.6667,29,3,3,0,18,0,18,0,0,0,0,0,0,0,0,0,0,21,2,2,4,2,2,20,10,3.95,6,0
774,unified,off,21,80,89,1.1125,21,23,1.0952,0,21,21,0,0,0,0,0,0,0,0,0,0,0,0,0,0,21,1,4,1,2,2,20,7,4.05,8,3
774,protect_l,left,21,52,89,1.7115,14,23,1.6429,12,21,21,0,0,0,0,0,0,0,0,0,0,0,0,0,0,21,1,4,1,2,2,20,7,4.05,5,0
774,protect_s,symmetric,21,28,89,3.1786,8,23,2.875,20,11,11,0,10,0,10,0,0,0,0,0,0,0,0,0,0,21,1,4,1,2,2,20,7,4.05,5,0
775,unified,off,21,128,105,0.8203,33,27,0.8182,0,21,21,0,0,0,0,0,0,0,0,0,0,0,0,0,0,21,1,3,3,2,2,20,6,3.4,12,4
775,protect_l,left,21,104,105,1.0096,27,27,1.0,30,21,21,0,0,0,0,0,0,0,0,0,0,0,0,0,0,21,1,3,3,2,2,20,6,3.4,8,0
775,protect_s,symmetric,21,80,105,1.3125,21,27,1.2857,38,13,13,0,8,0,8,0,0,0,0,0,0,0,0,0,0,21,1,3,3,2,2,20,6,3.4,8,0
776,unified,off,21,120,113,0.9417,31,29,0.9355,0,21,21,0,0,0,0,0,0,0,0,0,0,0,0,0,0,21,1,1,4,2,2,20,11,3.9,12,7
776,protect_l,left,21,32,113,3.5312,9,29,3.2222,22,15,15,0,6,0,6,0,0,0,0,0,0,0,0,0,0,21,1,1,4,2,2,20,11,3.9,3,0
776,protect_s,symmetric,21,32,113,3.5312,9,29,3.2222,31,8,8,0,13,0,13,0,0,0,0,0,0,0,0,0,0,21,1,1,4,2,2,20,11,3.9,3,0
777,unified,off,20,60,37,0.6167,16,10,0.625,0,20,20,0,0,0,0,0,0,0,1,0,0,0,0,0,0,20,2,4,1,2,2,20,13,3.75,8,6
777,protect_l,left,20,24,37,1.5417,7,10,1.4286,10,20,20,0,0,0,0,0,0,0,0,0,0,0,0,0,0,20,2,4,1,2,2,20,13,3.75,1,0
777,protect_s,symmetric,20,16,37,2.3125,5,10,2.0,16,7,7,0,13,0,13,0,0,0,0,0,0,0,0,0,0,20,2,4,1,2,2,20,13,3.75,1,0
778,unified,off,21,116,97,0.8362,30,25,0.8333,0,21,21,0,0,0,0,0,0,0,0,0,0,0,0,0,0,21,1,5,1,2,2,20,6,3.85,10,2
778,protect_l,left,21,100,97,0.97,26,25,0.9615,22,21,21,0,0,0,0,0,0,0,0,0,0,0,0,0,0,21,1,5,1,2,2,20,6,3.85,8,0
778,protect_s,symmetric,21,72,97,1.3472,19,25,1.3158,31,13,13,0,8,0,8,0,0,0,0,0,0,0,0,0,0,21,1,5,1,2,2,20,6,3.85,8,0
779,unified,off,21,112,89,0.7946,29,23,0.7931,0,20,20,0,0,1,1,0,0,0,0,0,0,0,0,1,0,20,3,1,3,2,2,20,14,3.5,9,5
779,protect_l,left,21,76,89,1.1711,20,23,1.15,44,20,20,0,0,1,1,0,0,0,0,0,0,0,0,1,0,20,3,1,3,2,2,20,14,3.5,4,0
779,protect_s,symmetric,21,44,89,2.0227,12,23,1.9167,55,11,11,0,9,1,10,0,0,0,0,0,0,0,0,1,0,20,3,1,3,2,2,20,14,3.5,4,0
780,unified,off,21,36,21,0.5833,10,6,0.6,0,21,21,0,0,0,0,0,0,0,0,0,0,0,0,0,0,21,1,4,3,2,2,20,7,3.9,3,0
780,protect_l,left,21,36,21,0.5833,10,6,0.6,3,21,21,0,0,0,0,0,0,0,0,0,0,0,0,0,0,21,1,4,3,2,2,20,7,3.9,3,0
780,protect_s,symmetric,21,24,21,0.875,7,6,0.8571,13,14,14,0,7,0,7,0,0,0,0,0,0,0,0,0,0,21,1,4,3,2,2,20,7,3.9,3,0
781,unified,off,21,72,69,0.9583,19,18,0.9474,0,21,21,0,0,0,0,0,0,0,8,0,0,0,0,0,0,21,1,4,2,2,2,20,10,3.35,11,6
781,protect_l,left,21,76,69,0.9079,20,18,0.9,52,21,21,0,0,0,0,0,0,0,0,0,0,0,0,0,0,21,1,4,2,2,2,20,10,3.35,9,0
781,protect_s,symmetric,21,72,69,0.9583,19,18,0.9474,59,7,7,0,14,0,14,0,0,0,0,0,0,0,0,0,0,21,1,4,2,2,2,20,10,3.35,9,0
782,unified,off,21,164,93,0.5671,42,24,0.5714,0,19,19,0,0,2,2,0,0,0,0,0,0,0,0,2,0,19,4,1,4,2,2,20,16,3.85,13,9
782,protect_l,left,21,60,93,1.55,16,24,1.5,19,19,19,0,0,2,2,0,0,0,0,0,0,0,0,2,0,19,4,1,4,2,2,20,16,3.85,3,0
782,protect_s,symmetric,21,20,93,4.65,6,24,4.0,23,3,3,0,16,2,18,0,0,0,0,0,0,0,0,2,0,19,4,1,4,2,2,20,16,3.85,3,0
783,unified,off,21,232,133,0.5733,59,34,0.5763,0,11,11,0,10,0,0,0,0,10,25,0,0,0,0,0,0,21,3,3,2,2,2,20,12,3.65,15,7
783,protect_l,left,21,148,133,0.8986,38,34,0.8947,22,17,17,0,4,0,4,0,0,0,0,0,0,0,0,0,0,21,3,3,2,2,2,20,12,3.65,7,0
783,protect_s,symmetric,21,72,133,1.8472,19,34,1.7895,29,5,5,0,16,0,16,0,0,0,0,0,0,0,0,0,0,21,3,3,2,2,2,20,12,3.65,7,0
784,unified,off,21,172,137,0.7965,44,35,0.7955,0,14,14,0,1,6,7,0,0,0,8,0,0,0,0,6,0,15,2,1,3,2,2,20,11,3.8,13,7
784,protect_l,left,21,88,137,1.5568,23,35,1.5217,12,10,10,0,5,6,11,0,0,0,0,0,0,0,0,6,0,15,2,1,3,2,2,20,11,3.8,2,0
784,protect_s,symmetric,21,24,137,5.7083,7,35,5.0,27,7,7,0,8,6,14,0,0,0,0,0,0,0,0,6,0,15,2,1,3,2,2,20,11,3.8,2,0
785,unified,off,21,80,101,1.2625,21,26,1.2381,0,21,21,0,0,0,0,0,0,0,2,0,0,0,0,0,0,21,1,2,1,2,2,20,6,3.95,9,2
785,protect_l,left,21,76,101,1.3289,20,26,1.3,11,21,21,0,0,0,0,0,0,0,0,0,0,0,0,0,0,21,1,2,1,2,2,20,6,3.95,7,0
785,protect_s,symmetric,21,60,101,1.6833,16,26,1.625,26,18,18,0,3,0,3,0,0,0,0,0,0,0,0,0,0,21,1,2,1,2,2,20,6,3.95,7,0
786,unified,off,20,224,189,0.8438,57,48,0.8421,0,18,18,0,0,2,2,0,0,0,7,0,0,0,0,2,0,18,2,1,4,2,2,20,13,3.95,14,9
786,protect_l,left,20,112,189,1.6875,29,48,1.6552,30,18,18,0,0,2,2,0,0,0,0,0,0,0,0,2,0,18,2,1,4,2,2,20,13,3.95,6,0
786,protect_s,symmetric,20,36,189,5.25,10,48,4.8,35,7,7,0,11,2,13,0,0,0,0,0,0,0,0,2,0,18,2,1,4,2,2,20,13,3.95,6,0
787,unified,off,21,116,101,0.8707,30,26,0.8667,0,20,20,0,0,1,1,0,0,0,7,0,0,0,0,1,0,20,1,4,1,2,2,20,9,4.1,12,5
787,protect_l,left,21,88,101,1.1477,23,26,1.1304,38,20,20,0,0,1,1,0,0,0,0,0,0,0,0,1,0,20,1,4,1,2,2,20,9,4.1,7,0
787,protect_s,symmetric,21,52,101,1.9423,14,26,1.8571,44,8,8,0,12,1,13,0,0,0,0,0,0,0,0,1,0,20,1,4,1,2,2,20,9,4.1,7,0
788,unified,off,20,156,149,0.9551,40,38,0.95,0,18,18,0,0,2,2,0,0,0,0,0,0,0,0,2,0,18,2,3,2,2,2,20,10,3.45,9,3
788,protect_l,left,20,112,149,1.3304,29,38,1.3103,41,18,18,0,0,2,2,0,0,0,0,0,0,0,0,2,0,18,2,3,2,2,2,20,10,3.45,6,0
788,protect_s,symmetric,20,84,149,1.7738,22,38,1.7273,61,15,15,0,3,2,5,0,0,0,0,0,0,0,0,2,0,18,2,3,2,2,2,20,10,3.45,6,0
789,unified,off,21,200,161,0.805,51,41,0.8039,0,20,20,0,0,1,1,0,0,0,0,0,0,0,0,1,0,20,2,4,2,2,2,20,11,3.8,12,6
789,protect_l,left,21,116,161,1.3879,30,41,1.3667,54,19,19,0,1,1,2,0,0,0,0,0,0,0,0,1,0,20,2,4,2,2,2,20,11,3.8,6,0
789,protect_s,symmetric,21,52,161,3.0962,14,41,2.9286,65,7,7,0,13,1,14,0,0,0,0,0,0,0,0,1,0,20,2,4,2,2,2,20,11,3.8,6,0
790,unified,off,21,212,161,0.7594,54,41,0.7593,0,2,2,0,18,1,1,0,0,18,37,0,0,0,0,1,0,20,1,3,2,2,2,20,10,4.0,14,8
790,protect_l,left,21,132,161,1.2197,34,41,1.2059,71,19,19,0,1,1,2,0,0,0,0,0,0,0,0,1,0,20,1,3,2,2,2,20,10,4.0,7,0
790,protect_s,symmetric,21,88,161,1.8295,23,41,1.7826,78,9,9,0,11,1,12,0,0,0,0,0,0,0,0,1,0,20,1,3,2,2,2,20,10,4.0,7,0
791,unified,off,21,52,45,0.8654,14,12,0.8571,0,21,21,0,0,0,0,0,0,0,0,0,0,0,0,0,0,21,1,1,1,2,2,20,10,4.25,7,3
791,protect_l,left,21,32,45,1.4062,9,12,1.3333,17,21,21,0,0,0,0,0,0,0,0,0,0,0,0,0,0,21,1,1,1,2,2,20,10,4.25,4,0
791,protect_s,symmetric,21,56,45,0.8036,15,12,0.8,44,18,18,0,3,0,3,0,0,0,0,0,0,0,0,0,0,21,1,1,1,2,2,20,10,4.25,4,0
792,unified,off,21,208,65,0.3125,53,17,0.3208,0,1,1,0,20,0,0,0,0,20,40,0,0,0,0,0,0,21,1,3,4,2,2,20,10,3.95,14,4
792,protect_l,left,21,84,65,0.7738,22,17,0.7727,32,21,21,0,0,0,0,0,0,0,0,0,0,0,0,0,0,21,1,3,4,2,2,20,10,3.95,9,0
792,protect_s,symmetric,21,44,65,1.4773,12,17,1.4167,39,9,9,0,12,0,12,0,0,0,0,0,0,0,0,0,0,21,1,3,4,2,2,20,10,3.95,9,0
793,unified,off,21,188,185,0.984,48,47,0.9792,0,9,9,0,12,0,0,0,0,12,24,0,0,0,0,0,0,21,1,2,2,2,2,20,7,3.4,16,5
793,protect_l,left,21,160,185,1.1562,41,47,1.1463,57,21,21,0,0,0,0,0,0,0,0,0,0,0,0,0,0,21,1,2,2,2,2,20,7,3.4,11,0
793,protect_s,symmetric,21,132,185,1.4015,34,47,1.3824,64,11,11,0,10,0,10,0,0,0,0,0,0,0,0,0,0,21,1,2,2,2,2,20,7,3.4,11,0
794,unified,off,21,324,317,0.9784,82,80,0.9756,0,21,21,0,0,0,0,0,0,0,5,0,0,0,0,0,0,21,4,1,3,2,2,20,18,3.45,14,12
794,protect_l,left,21,172,317,1.843,44,80,1.8182,27,21,21,0,0,0,0,0,0,0,0,0,0,0,0,0,0,21,4,1,3,2,2,20,18,3.45,2,0
794,protect_s,symmetric,21,24,317,13.2083,7,80,11.4286,29,4,4,0,17,0,17,0,0,0,0,0,0,0,0,0,0,21,4,1,3,2,2,20,18,3.45,2,0
795,unified,off,21,204,201,0.9853,52,51,0.9808,0,20,20,0,0,1,1,0,0,0,3,0,0,0,0,1,0,20,1,2,3,2,2,20,4,3.6,17,3
795,protect_l,left,21,188,201,1.0691,48,51,1.0625,40,19,19,0,1,1,2,0,0,0,0,0,0,0,0,1,0,20,1,2,3,2,2,20,4,3.6,14,0
795,protect_s,symmetric,21,160,201,1.2563,41,51,1.2439,47,15,15,0,5,1,6,0,0,0,0,0,0,0,0,1,0,20,1,2,3,2,2,20,4,3.6,14,0
796,unified,off,21,140,69,0.4929,36,18,0.5,0,21,21,0,0,0,0,0,0,0,4,0,0,0,0,0,0,21,1,2,3,2,2,20,5,4.0,12,3
796,protect_l,left,21,108,69,0.6389,28,18,0.6429,20,21,21,0,0,0,0,0,0,0,0,0,0,0,0,0,0,21,1,2,3,2,2,20,5,4.0,9,0
796,protect_s,symmetric,21,68,69,1.0147,18,18,1.0,29,14,14,0,7,0,7,0,0,0,0,0,0,0,0,0,0,21,1,2,3,2,2,20,5,4.0,9,0
797,unified,off,20,192,153,0.7969,49,39,0.7959,0,20,20,0,0,0,0,0,0,0,0,0,0,0,0,0,0,20,1,2,3,2,2,20,8,4.15,17,6
797,protect_l,left,20,88,153,1.7386,23,39,1.6957,33,16,16,0,4,0,4,0,0,0,0,0,0,0,0,0,0,20,1,2,3,2,2,20,8,4.15,9,0
797,protect_s,symmetric,20,60,153,2.55,16,39,2.4375,48,15,15,0,5,0,5,0,0,0,0,0,0,0,0,0,0,20,1,2,3,2,2,20,8,4.15,9,0
798,unified,off,21,288,221,0.7674,73,56,0.7671,0,4,4,0,14,3,3,0,0,14,27,0,0,0,0,3,0,18,2,3,2,2,2,20,14,3.8,15,9
798,protect_l,left,21,116,221,1.9052,30,56,1.8667,25,16,16,0,2,3,5,0,0,0,0,0,0,0,0,3,0,18,2,3,2,2,2,20,14,3.8,5,0
798,protect_s,symmetric,21,40,221,5.525,11,56,5.0909,35,9,9,0,9,3,12,0,0,0,0,0,0,0,0,3,0,18,2,3,2,2,2,20,14,3.8,5,0
799,unified,off,21,288,277,0.9618,73,70,0.9589,0,19,19,0,1,1,2,0,0,0,2,0,0,0,0,1,0,20,1,4,3,2,2,20,6,3.75,17,4
799,protect_l,left,21,240,277,1.1542,61,70,1.1475,22,18,18,0,2,1,3,0,0,0,0,0,0,0,0,1,0,20,1,4,3,2,2,20,6,3.75,11,0
799,protect_s,symmetric,21,184,277,1.5054,47,70,1.4894,30,12,12,0,8,1,9,0,0,0,0,0,0,0,0,1,0,20,1,4,3,2,2,20,6,3.75,11,0
800,unified,off,21,172,137,0.7965,44,35,0.7955,0,21,21,0,0,0,0,0,0,0,1,0,0,0,0,0,0,21,1,1,2,2,2,20,4,4.0,15,4
800,protect_l,left,21,160,137,0.8562,41,35,0.8537,29,21,21,0,0,0,0,0,0,0,0,0,0,0,0,0,0,21,1,1,2,2,2,20,4,4.0,13,0
800,protect_s,symmetric,21,116,137,1.181,30,35,1.1667,47,20,20,0,1,0,1,0,0,0,0,0,0,0,0,0,0,21,1,1,2,2,2,20,4,4.0,13,0
801,unified,off,21,176,141,0.8011,45,36,0.8,0,21,21,0,0,0,0,0,0,0,0,0,0,0,0,0,0,21,2,2,4,2,2,20,10,4.3,15,6
801,protect_l,left,21,132,141,1.0682,34,36,1.0588,43,21,21,0,0,0,0,0,0,0,0,0,0,0,0,0,0,21,2,2,4,2,2,20,10,4.3,9,0
801,protect_s,symmetric,21,72,141,1.9583,19,36,1.8947,51,10,10,0,11,0,11,0,0,0,0,0,0,0,0,0,0,21,2,2,4,2,2,20,10,4.3,9,0
802,unified,off,21,156,193,1.2372,40,49,1.225,0,2,2,0,19,0,0,0,0,19,38,0,0,0,0,0,0,21,1,3,5,2,2,20,5,3.6,13,4
802,protect_l,left,21,144,193,1.3403,37,49,1.3243,25,21,21,0,0,0,0,0,0,0,0,0,0,0,0,0,0,21,1,3,5,2,2,20,5,3.6,12,0
802,protect_s,symmetric,21,112,193,1.7232,29,49,1.6897,32,14,14,0,7,0,7,0,0,0,0,0,0,0,0,0,0,21,1,3,5,2,2,20,5,3.6,12,0
803,unified,off,21,152,173,1.1382,39,44,1.1282,0,20,20,0,1,0,1,0,0,0,3,0,0,0,0,0,0,21,1,1,3,2,2,20,7,3.5,16,6
803,protect_l,left,21,120,173,1.4417,31,44,1.4194,53,17,17,0,4,0,4,0,0,0,0,0,0,0,0,0,0,21,1,1,3,2,2,20,7,3.5,12,0
803,protect_s,symmetric,21,124,173,1.3952,32,44,1.375,69,14,14,0,7,0,7,0,0,0,0,0,0,0,0,0,0,21,1,1,3,2,2,20,7,3.5,12,0
804,unified,off,21,100,105,1.05,26,27,1.0385,0,21,21,0,0,0,0,0,0,0,4,0,0,0,0,0,0,21,1,1,2,2,2,20,5,4.0,13,4
804,protect_l,left,21,64,105,1.6406,17,27,1.5882,23,18,18,0,3,0,3,0,0,0,0,0,0,0,0,0,0,21,1,1,2,2,2,20,5,4.0,8,0
804,protect_s,symmetric,21,52,105,2.0192,14,27,1.9286,35,10,10,0,11,0,11,0,0,0,0,0,0,0,0,0,0,21,1,1,2,2,2,20,5,4.0,8,0
805,unified,off,21,168,145,0.8631,43,37,0.8605,0,2,2,0,19,0,0,0,0,19,45,0,0,0,0,0,0,21,2,1,2,2,2,20,14,4.05,15,10
805,protect_l,left,21,96,145,1.5104,25,37,1.48,26,21,21,0,0,0,0,0,0,0,0,0,0,0,0,0,0,21,2,1,2,2,2,20,14,4.05,5,0
805,protect_s,symmetric,21,40,145,3.625,11,37,3.3636,39,9,9,0,12,0,12,0,0,0,0,0,0,0,0,0,0,21,2,1,2,2,2,20,14,4.05,5,0
806,unified,off,21,180,165,0.9167,46,42,0.913,0,19,19,0,1,1,1,0,0,1,7,0,0,0,0,1,0,20,2,2,3,2,2,20,9,3.8,15,6
806,protect_l,left,21,132,165,1.25,34,42,1.2353,39,20,20,0,0,1,1,0,0,0,0,0,0,0,0,1,0,20,2,2,3,2,2,20,9,3.8,10,0
806,protect_s,symmetric,21,84,165,1.9643,22,42,1.9091,48,10,10,0,10,1,11,0,0,0,0,0,0,0,0,1,0,20,2,2,3,2,2,20,9,3.8,10,0
807,unified,off,21,152,161,1.0592,39,41,1.0513,0,21,21,0,0,0,0,0,0,0,0,0,0,0,0,0,0,21,1,5,3,2,2,20,4,2.9,13,2
807,protect_l,left,21,144,161,1.1181,37,41,1.1081,21,21,21,0,0,0,0,0,0,0,0,0,0,0,0,0,0,21,1,5,3,2,2,20,4,2.9,11,0
807,protect_s,symmetric,21,124,161,1.2984,32,41,1.2812,27,13,13,0,8,0,8,0,0,0,0,0,0,0,0,0,0,21,1,5,3,2,2,20,4,2.9,11,0
808,unified,off,21,136,173,1.2721,35,44,1.2571,0,21,21,0,0,0,0,0,0,0,12,0,0,0,0,0,0,21,1,3,1,2,2,20,7,3.95,12,5
808,protect_l,left,21,96,173,1.8021,25,44,1.76,41,14,14,0,7,0,7,0,0,0,0,0,0,0,0,0,0,21,1,3,1,2,2,20,7,3.95,9,0
808,protect_s,symmetric,21,80,173,2.1625,21,44,2.0952,75,14,14,0,7,0,7,0,0,0,0,0,0,0,0,0,0,21,1,3,1,2,2,20,7,3.95,9,0
809,unified,off,21,112,145,1.2946,29,37,1.2759,0,21,21,0,0,0,0,0,0,0,0,0,0,0,0,0,0,21,2,2,4,2,2,20,12,3.95,4,2
809,protect_l,left,21,104,145,1.3942,27,37,1.3704,11,21,21,0,0,0,0,0,0,0,0,0,0,0,0,0,0,21,2,2,4,2,2,20,12,3.95,2,0
809,protect_s,symmetric,21,24,145,6.0417,7,37,5.2857,18,7,7,0,14,0,14,0,0,0,0,0,0,0,0,0,0,21,2,2,4,2,2,20,12,3.95,2,0
810,unified,off,21,192,153,0.7969,49,39,0.7959,0,21,21,0,0,0,0,0,0,0,0,0,0,0,0,0,0,21,1,4,4,2,2,20,6,3.8,13,3
810,protect_l,left,21,156,153,0.9808,40,39,0.975,55,21,21,0,0,0,0,0,0,0,0,0,0,0,0,0,0,21,1,4,4,2,2,20,6,3.8,10,0
810,protect_s,symmetric,21,120,153,1.275,31,39,1.2581,62,13,13,0,8,0,8,0,0,0,0,0,0,0,0,0,0,21,1,4,4,2,2,20,6,3.8,10,0
811,unified,off,21,64,101,1.5781,17,26,1.5294,0,21,21,0,0,0,0,0,0,0,5,0,0,0,0,0,0,21,1,3,4,2,2,20,7,3.85,4,1
811,protect_l,left,21,60,101,1.6833,16,26,1.625,2,21,21,0,0,0,0,0,0,0,0,0,0,0,0,0,0,21,1,3,4,2,2,20,7,3.85,3,0
811,protect_s,symmetric,21,20,101,5.05,6,26,4.3333,10,14,14,0,7,0,7,0,0,0,0,0,0,0,0,0,0,21,1,3,4,2,2,20,7,3.85,3,0
812,unified,off,20,140,117,0.8357,36,30,0.8333,0,10,10,0,10,0,0,0,0,10,20,0,0,0,0,0,0,20,1,1,3,2,2,20,4,3.45,17,4
812,protect_l,left,20,128,117,0.9141,33,30,0.9091,16,20,20,0,0,0,0,0,0,0,0,0,0,0,0,0,0,20,1,1,3,2,2,20,4,3.45,14,0
812,protect_s,symmetric,20,124,117,0.9435,32,30,0.9375,27,15,15,0,5,0,5,0,0,0,0,0,0,0,0,0,0,20,1,1,3,2,2,20,4,3.45,14,0
813,unified,off,20,316,261,0.8259,80,66,0.825,0,19,19,0,0,1,1,0,0,0,0,0,0,0,0,1,0,19,2,3,2,2,2,20,10,3.2,19,9
813,protect_l,left,20,208,261,1.2548,53,66,1.2453,92,19,19,0,0,1,1,0,0,0,0,0,0,0,0,1,0,19,2,3,2,2,2,20,10,3.2,9,0
813,protect_s,symmetric,20,152,261,1.7171,39,66,1.6923,98,10,10,0,9,1,10,0,0,0,0,0,0,0,0,1,0,19,2,3,2,2,2,20,10,3.2,9,0
814,unified,off,20,148,101,0.6824,38,26,0.6842,0,20,20,0,0,0,0,0,0,0,0,0,0,0,0,0,0,20,2,2,2,2,2,20,11,4.1,9,2
814,protect_l,left,20,112,101,0.9018,29,26,0.8966,54,20,20,0,0,0,0,0,0,0,0,0,0,0,0,0,0,20,2,2,2,2,2,20,11,4.1,7,0
814,protect_s,symmetric,20,76,101,1.3289,20,26,1.3,68,11,11,0,9,0,9,0,0,0,0,0,0,0,0,0,0,20,2,2,2,2,2,20,11,4.1,7,0
815,unified,off,21,220,193,0.8773,56,49,0.875,0,19,19,0,1,1,2,0,0,0,1,0,0,0,0,1,0,20,2,2,2,2,2,20,9,3.85,13,6
815,protect_l,left,21,112,193,1.7232,29,49,1.6897,25,18,18,0,2,1,3,0,0,0,0,0,0,0,0,1,0,20,2,2,2,2,2,20,9,3.85,6,0
815,protect_s,symmetric,21,36,193,5.3611,10,49,4.9,35,8,8,0,12,1,13,0,0,0,0,0,0,0,0,1,0,20,2,2,2,2,2,20,9,3.85,6,0
816,unified,off,20,184,177,0.962,47,45,0.9574,0,16,16,0,1,3,4,0,0,0,0,0,0,0,0,3,0,17,1,4,1,2,2,20,5,3.3,17,3
816,protect_l,left,20,144,177,1.2292,37,45,1.2162,22,16,16,0,1,3,4,0,0,0,0,0,0,0,0,3,0,17,1,4,1,2,2,20,5,3.3,13,0
816,protect_s,symmetric,20,124,177,1.4274,32,45,1.4062,36,15,15,0,2,3,5,0,0,0,0,0,0,0,0,3,0,17,1,4,1,2,2,20,5,3.3,13,0
817,unified,off,20,144,161,1.1181,37,41,1.1081,0,6,6,0,14,0,0,0,0,14,30,0,0,0,0,0,0,20,3,4,1,2,2,20,16,4.05,12,9
817,protect_l,left,20,52,161,3.0962,14,41,2.9286,19,17,17,0,3,0,3,0,0,0,0,0,0,0,0,0,0,20,3,4,1,2,2,20,16,4.05,2,0
817,protect_s,symmetric,20,24,161,6.7083,7,41,5.8571,30,7,7,0,13,0,13,0,0,0,0,0,0,0,0,0,0,20,3,4,1,2,2,20,16,4.05,2,0
818,unified,off,21,132,77,0.5833,34,20,0.5882,0,21,21,0,0,0,0,0,0,0,0,0,0,0,0,0,0,21,1,2,2,2,2,20,8,3.6,13,5
818,protect_l,left,21,120,77,0.6417,31,20,0.6452,48,21,21,0,0,0,0,0,0,0,0,0,0,0,0,0,0,21,1,2,2,2,2,20,8,3.6,11,0
818,protect_s,symmetric,21,92,77,0.837,24,20,0.8333,53,8,8,0,13,0,13,0,0,0,0,0,0,0,0,0,0,21,1,2,2,2,2,20,8,3.6,11,0
819,unified,off,21,136,121,0.8897,35,31,0.8857,0,12,12,0,7,2,9,0,0,0,17,0,0,0,0,2,0,19,1,1,3,2,2,20,11,4.0,12,7
819,protect_l,left,21,84,121,1.4405,22,31,1.4091,31,15,15,0,4,2,6,0,0,0,0,0,0,0,0,2,0,19,1,1,3,2,2,20,11,4.0,5,0
819,protect_s,symmetric,21,40,121,3.025,11,31,2.8182,38,6,6,0,13,2,15,0,0,0,0,0,0,0,0,2,0,19,1,1,3,2,2,20,11,4.0,5,0
820,unified,off,21,92,109,1.1848,24,28,1.1667,0,21,21,0,0,0,0,0,0,0,9,0,0,0,0,0,0,21,1,2,1,2,2,20,8,3.25,13,6
820,protect_l,left,21,92,109,1.1848,24,28,1.1667,41,21,21,0,0,0,0,0,0,0,0,0,0,0,0,0,0,21,1,2,1,2,2,20,8,3.25,8,0
820,protect_s,symmetric,21,76,109,1.4342,20,28,1.4,50,12,12,0,9,0,9,0,0,0,0,0,0,0,0,0,0,21,1,2,1,2,2,20,8,3.25,8,0
821,unified,off,21,156,149,0.9551,40,38,0.95,0,18,18,0,0,3,3,0,0,0,2,0,0,0,0,3,0,18,3,2,2,2,2,20,14,4.1,9,6
821,protect_l,left,21,96,149,1.5521,25,38,1.52,26,16,16,0,2,3,5,0,0,0,0,0,0,0,0,3,0,18,3,2,2,2,2,20,14,4.1,2,0
821,protect_s,symmetric,21,16,149,9.3125,5,38,7.6,32,2,2,0,16,3,19,0,0,0,0,0,0,0,0,3,0,18,3,2,2,2,2,20,14,4.1,2,0
822,unified,off,21,88,57,0.6477,23,15,0.6522,0,1,1,0,20,0,0,0,0,20,40,0,0,0,0,0,0,21,4,2,3,2,2,20,17,3.8,8,5
822,protect_l,left,21,44,57,1.2955,12,15,1.25,31,21,21,0,0,0,0,0,0,0,0,0,0,0,0,0,0,21,4,2,3,2,2,20,17,3.8,3,0
822,protect_s,symmetric,21,32,57,1.7812,9,15,1.6667,41,9,9,0,12,0,12,0,0,0,0,0,0,0,0,0,0,21,4,2,3,2,2,20,17,3.8,3,0
823,unified,off,21,116,93,0.8017,30,24,0.8,0,1,1,0,20,0,0,0,0,20,42,0,0,0,0,0,0,21,3,3,1,2,2,20,15,4.2,11,7
823,protect_l,left,21,68,93,1.3676,18,24,1.3333,33,21,21,0,0,0,0,0,0,0,0,0,0,0,0,0,0,21,3,3,1,2,2,20,15,4.2,4,0
823,protect_s,symmetric,21,36,93,2.5833,10,24,2.4,38,5,5,0,16,0,16,0,0,0,0,0,0,0,0,0,0,21,3,3,1,2,2,20,15,4.2,4,0
824,unified,off,21,208,181,0.8702,53,46,0.8679,0,2,2,0,19,0,0,0,0,19,43,0,0,0,0,0,0,21,2,3,3,2,2,20,14,4.1,13,7
824,protect_l,left,21,136,181,1.3309,35,46,1.3143,46,21,21,0,0,0,0,0,0,0,0,0,0,0,0,0,0,21,2,3,3,2,2,20,14,4.1,6,0
824,protect_s,symmetric,21,72,181,2.5139,19,46,2.4211,52,4,4,0,17,0,17,0,0,0,0,0,0,0,0,0,0,21,2,3,3,2,2,20,14,4.1,6,0
825,unified,off,21,84,57,0.6786,22,15,0.6818,0,21,21,0,0,0,0,0,0,0,0,0,0,0,0,0,0,21,1,3,2,2,2,20,5,3.45,9,2
825,protect_l,left,21,88,57,0.6477,23,15,0.6522,31,21,21,0,0,0,0,0,0,0,0,0,0,0,0,0,0,21,1,3,2,2,2,20,5,3.45,10,0
825,protect_s,symmetric,21,64,57,0.8906,17,15,0.8824,41,11,11,0,10,0,10,0,0,0,0,0,0,0,0,0,0,21,1,3,2,2,2,20,5,3.45,10,0
826,unified,off,21,132,181,1.3712,34,46,1.3529,0,21,21,0,0,0,0,0,0,0,0,0,0,0,0,0,0,21,2,1,3,2,2,20,9,3.55,11,4
826,protect_l,left,21,120,181,1.5083,31,46,1.4839,22,21,21,0,0,0,0,0,0,0,0,0,0,0,0,0,0,21,2,1,3,2,2,20,9,3.55,7,0
826,protect_s,symmetric,21,60,181,3.0167,16,46,2.875,28,8,8,0,13,0,13,0,0,0,0,0,0,0,0,0,0,21,2,1,3,2,2,20,9,3.55,7,0
827,unified,off,21,52,53,1.0192,14,14,1.0,0,21,21,0,0,0,0,0,0,0,0,0,0,0,0,0,0,21,1,2,3,2,2,20,8,3.8,7,2
827,protect_l,left,21,36,53,1.4722,10,14,1.4,13,21,21,0,0,0,0,0,0,0,0,0,0,0,0,0,0,21,1,2,3,2,2,20,8,3.8,5,0
827,protect_s,symmetric,21,36,53,1.4722,10,14,1.4,16,21,21,0,0,0,0,0,0,0,0,0,0,0,0,0,0,21,1,2,3,2,2,20,8,3.8,5,0
828,unified,off,21,156,97,0.6218,40,25,0.625,0,13,13,0,8,0,0,0,0,8,16,0,0,0,0,0,0,21,1,4,2,2,2,20,9,3.65,13,5
828,protect_l,left,21,120,97,0.8083,31,25,0.8065,39,10,10,0,11,0,11,0,0,0,0,0,0,0,0,0,0,21,1,4,2,2,2,20,9,3.65,8,0
828,protect_s,symmetric,21,80,97,1.2125,21,25,1.1905,44,9,9,0,12,0,12,0,0,0,0,0,0,0,0,0,0,21,1,4,2,2,2,20,9,3.65,8,0
829,unified,off,21,136,149,1.0956,35,38,1.0857,0,21,21,0,0,0,0,0,0,0,10,0,0,0,0,0,0,21,3,1,4,2,2,20,14,3.6,12,8
829,protect_l,left,21,84,149,1.7738,22,38,1.7273,28,21,21,0,0,0,0,0,0,0,0,0,0,0,0,0,0,21,3,1,4,2,2,20,14,3.6,4,0
829,protect_s,symmetric,21,40,149,3.725,11,38,3.4545,33,5,5,0,16,0,16,0,0,0,0,0,0,0,0,0,0,21,3,1,4,2,2,20,14,3.6,4,0
830,unified,off,21,264,229,0.8674,67,58,0.8657,0,21,21,0,0,0,0,0,0,0,0,0,0,0,0,0,0,21,5,3,1,2,2,20,17,3.3,15,12
830,protect_l,left,21,132,229,1.7348,34,58,1.7059,13,21,21,0,0,0,0,0,0,0,0,0,0,0,0,0,0,21,5,3,1,2,2,20,17,3.3,0,0
830,protect_s,symmetric,21,28,229,8.1786,8,58,7.25,19,7,7,0,14,0,14,0,0,0,0,0,0,0,0,0,0,21,5,3,1,2,2,20,17,3.3,0,0
831,unified,off,21,120,117,0.975,31,30,0.9677,0,17,17,0,2,2,4,0,0,0,0,0,0,0,0,2,0,19,1,3,4,2,2,20,7,3.7,13,5
831,protect_l,left,21,80,117,1.4625,21,30,1.4286,32,15,15,0,4,2,6,0,0,0,0,0,0,0,0,2,0,19,1,3,4,2,2,20,7,3.7,8,0
831,protect_s,symmetric,21,76,117,1.5395,20,30,1.5,40,9,9,0,10,2,12,0,0,0,0,0,0,0,0,2,0,19,1,3,4,2,2,20,7,3.7,8,0
832,unified,off,21,76,65,0.8553,20,17,0.85,0,21,21,0,0,0,0,0,0,0,0,0,0,0,0,0,0,21,2,2,4,2,2,20,10,3.75,10,3
832,protect_l,left,21,56,65,1.1607,15,17,1.1333,17,21,21,0,0,0,0,0,0,0,0,0,0,0,0,0,0,21,2,2,4,2,2,20,10,3.75,7,0
832,protect_s,symmetric,21,48,65,1.3542,13,17,1.3077,26,9,9,0,12,0,12,0,0,0,0,0,0,0,0,0,0,21,2,2,4,2,2,20,10,3.75,7,0
833,unified,off,21,168,153,0.9107,43,39,0.907,0,20,20,0,0,1,1,0,0,0,0,0,0,0,0,1,0,20,1,2,3,2,2,20,4,3.8,16,2
833,protect_l,left,21,164,153,0.9329,42,39,0.9286,22,20,20,0,0,1,1,0,0,0,0,0,0,0,0,1,0,20,1,2,3,2,2,20,4,3.8,13,0
833,protect_s,symmetric,21,140,153,1.0929,36,39,1.0833,31,16,16,0,4,1,5,0,0,0,0,0,0,0,0,1,0,20,1,2,3,2,2,20,4,3.8,13,0
834,unified,off,21,168,169,1.006,43,43,1.0,0,21,21,0,0,0,0,0,0,0,0,0,0,0,0,0,0,21,2,2,1,2,2,20,11,3.85,14,7
834,protect_l,left,21,132,169,1.2803,34,43,1.2647,59,21,21,0,0,0,0,0,0,0,0,0,0,0,0,0,0,21,2,2,1,2,2,20,11,3.85,8,0
834,protect_s,symmetric,21,100,169,1.69,26,43,1.6538,94,20,20,0,1,0,1,0,0,0,0,0,0,0,0,0,0,21,2,2,1,2,2,20,11,3.85,8,0
835,unified,off,20,104,109,1.0481,27,28,1.037,0,20,20,0,0,0,0,0,0,0,5,0,0,0,0,0,0,20,2,3,2,2,2,20,13,3.75,10,7
835,protect_l,left,20,68,109,1.6029,18,28,1.5556,22,15,15,0,5,0,5,0,0,0,0,0,0,0,0,0,0,20,2,3,2,2,2,20,13,3.75,3,0
835,protect_s,symmetric,20,24,109,4.5417,7,28,4.0,27,2,2,0,18,0,18,0,0,0,0,0,0,0,0,0,0,20,2,3,2,2,2,20,13,3.75,3,0
836,unified,off,21,144,117,0.8125,37,30,0.8108,0,21,21,0,0,0,0,0,0,0,3,0,0,0,0,0,0,21,1,5,1,2,2,20,7,3.75,15,4
836,protect_l,left,21,104,117,1.125,27,30,1.1111,40,19,19,0,2,0,2,0,0,0,0,0,0,0,0,0,0,21,1,5,1,2,2,20,7,3.75,11,0
836,protect_s,symmetric,21,76,117,1.5395,20,30,1.5,49,10,10,0,11,0,11,0,0,0,0,0,0,0,0,0,0,21,1,5,1,2,2,20,7,3.75,11,0
837,unified,off,21,236,197,0.8347,60,50,0.8333,0,21,21,0,0,0,0,0,0,0,8,0,0,0,0,0,0,21,3,2,2,2,2,20,13,3.4,15,8
837,protect_l,left,21,140,197,1.4071,36,50,1.3889,47,21,21,0,0,0,0,0,0,0,0,0,0,0,0,0,0,21,3,2,2,2,2,20,13,3.4,7,0
837,protect_s,symmetric,21,76,197,2.5921,20,50,2.5,61,9,9,0,12,0,12,0,0,0,0,0,0,0,0,0,0,21,3,2,2,2,2,20,13,3.4,7,0
838,unified,off,21,168,157,0.9345,43,40,0.9302,0,20,20,0,0,1,1,0,0,0,2,0,0,0,0,1,0,20,1,4,3,2,2,20,8,3.45,14,5
838,protect_l,left,21,164,157,0.9573,42,40,0.9524,71,20,20,0,0,1,1,0,0,0,0,0,0,0,0,1,0,20,1,4,3,2,2,20,8,3.45,11,0
838,protect_s,symmetric,21,136,157,1.1544,35,40,1.1429,78,10,10,0,10,1,11,0,0,0,0,0,0,0,0,1,0,20,1,4,3,2,2,20,8,3.45,11,0
839,unified,off,21,68,33,0.4853,18,9,0.5,0,21,21,0,0,0,0,0,0,0,0,0,0,0,0,0,0,21,1,2,1,2,2,20,10,4.45,11,5
839,protect_l,left,21,40,33,0.825,11,9,0.8182,15,21,21,0,0,0,0,0,0,0,0,0,0,0,0,0,0,21,1,2,1,2,2,20,10,4.45,6,0
839,protect_s,symmetric,21,36,33,0.9167,10,9,0.9,20,21,21,0,0,0,0,0,0,0,0,0,0,0,0,0,0,21,1,2,1,2,2,20,10,4.45,6,0
840,unified,off,21,88,77,0.875,23,20,0.8696,0,5,5,0,16,0,0,0,0,16,31,0,0,0,0,0,0,21,2,4,2,2,2,20,11,3.6,8,3
840,protect_l,left,21,68,77,1.1324,18,20,1.1111,30,20,20,0,1,0,1,0,0,0,0,0,0,0,0,0,0,21,2,4,2,2,2,20,11,3.6,6,0
840,protect_s,symmetric,21,44,77,1.75,12,20,1.6667,43,15,15,0,6,0,6,0,0,0,0,0,0,0,0,0,0,21,2,4,2,2,2,20,11,3.6,6,0
841,unified,off,21,96,81,0.8438,25,21,0.84,0,21,21,0,0,0,0,0,0,0,3,0,0,0,0,0,0,21,1,2,2,2,2,20,6,3.8,11,3
841,protect_l,left,21,64,81,1.2656,17,21,1.2353,21,21,21,0,0,0,0,0,0,0,0,0,0,0,0,0,0,21,1,2,2,2,2,20,6,3.8,8,0
841,protect_s,symmetric,21,56,81,1.4464,15,21,1.4,28,13,13,0,8,0,8,0,0,0,0,0,0,0,0,0,0,21,1,2,2,2,2,20,6,3.8,8,0
842,unified,off,21,120,113,0.9417,31,29,0.9355,0,21,21,0,0,0,0,0,0,0,0,0,0,0,0,0,0,21,2,1,4,2,2,20,9,4.1,9,3
842,protect_l,left,21,112,113,1.0089,29,29,1.0,50,21,21,0,0,0,0,0,0,0,0,0,0,0,0,0,0,21,2,1,4,2,2,20,9,4.1,6,0
842,protect_s,symmetric,21,56,113,2.0179,15,29,1.9333,58,6,6,0,15,0,15,0,0,0,0,0,0,0,0,0,0,21,2,1,4,2,2,20,9,4.1,6,0
843,unified,off,21,284,241,0.8486,72,61,0.8472,0,8,8,0,10,3,3,0,0,10,21,0,0,0,0,3,0,18,3,4,2,2,2,20,14,3.4,10,6
843,protect_l,left,21,160,241,1.5063,41,61,1.4878,49,17,17,0,1,3,4,0,0,0,0,0,0,0,0,3,0,18,3,4,2,2,2,20,14,3.4,4,0
843,protect_s,symmetric,21,64,241,3.7656,17,61,3.5882,56,8,8,0,10,3,13,0,0,0,0,0,0,0,0,3,0,18,3,4,2,2,2,20,14,3.4,4,0
844,unified,off,21,44,53,1.2045,12,14,1.1667,0,21,21,0,0,0,0,0,0,0,12,0,0,0,0,0,0,21,2,1,1,2,2,20,13,3.75,2,1
844,protect_l,left,21,48,53,1.1042,13,14,1.0769,20,21,21,0,0,0,0,0,0,0,0,0,0,0,0,0,0,21,2,1,1,2,2,20,13,3.75,4,0
844,protect_s,symmetric,21,52,53,1.0192,14,14,1.0,34,21,21,0,0,0,0,0,0,0,0,0,0,0,0,0,0,21,2,1,1,2,2,20,13,3.75,4,0
845,unified,off,20,192,177,0.9219,49,45,0.9184,0,8,8,0,12,0,0,0,0,12,24,0,0,0,0,0,0,20,1,5,2,2,2,20,5,3.55,14,4
845,protect_l,left,20,176,177,1.0057,45,45,1.0,27,16,16,0,4,0,4,0,0,0,0,0,0,0,0,0,0,20,1,5,2,2,2,20,5,3.55,10,0
845,protect_s,symmetric,20,128,177,1.3828,33,45,1.3636,34,10,10,0,10,0,10,0,0,0,0,0,0,0,0,0,0,20,1,5,2,2,2,20,5,3.55,10,0
846,unified,off,21,124,133,1.0726,32,34,1.0625,0,2,2,0,19,0,0,0,0,19,39,0,0,0,0,0,0,21,1,1,3,2,2,20,10,3.7,9,5
846,protect_l,left,21,120,133,1.1083,31,34,1.0968,50,21,21,0,0,0,0,0,0,0,0,0,0,0,0,0,0,21,1,1,3,2,2,20,10,3.7,8,0
846,protect_s,symmetric,21,88,133,1.5114,23,34,1.4783,64,16,16,0,5,0,5,0,0,0,0,0,0,0,0,0,0,21,1,1,3,2,2,20,10,3.7,8,0
847,unified,off,20,156,245,1.5705,40,62,1.55,0,20,20,0,0,0,0,0,0,0,7,0,0,0,0,0,0,20,1,4,2,2,2,20,3,3.2,12,1
847,protect_l,left,20,220,245,1.1136,56,62,1.1071,23,20,20,0,0,0,0,0,0,0,0,0,0,0,0,0,0,20,1,4,2,2,2,20,3,3.2,13,0
847,protect_s,symmetric,20,164,245,1.4939,42,62,1.4762,28,15,15,0,5,0,5,0,0,0,0,0,0,0,0,0,0,20,1,4,2,2,2,20,3,3.2,13,0
848,unified,off,21,164,105,0.6402,42,27,0.6429,0,20,20,0,0,1,1,0,0,0,0,0,0,0,0,1,0,20,2,2,3,2,2,20,13,4.15,14,10
848,protect_l,left,21,68,105,1.5441,18,27,1.5,15,15,15,0,5,1,6,0,0,0,0,0,0,0,0,1,0,20,2,2,3,2,2,20,13,4.15,2,0
848,protect_s,symmetric,21,24,105,4.375,7,27,3.8571,21,4,4,0,16,1,17,0,0,0,0,0,0,0,0,1,0,20,2,2,3,2,2,20,13,4.15,2,0
849,unified,off,21,100,105,1.05,26,27,1.0385,0,21,21,0,0,0,0,0,0,0,2,0,0,0,0,0,0,21,3,2,1,2,2,20,12,3.5,10,7
849,protect_l,left,21,96,105,1.0938,25,27,1.08,33,21,21,0,0,0,0,0,0,0,0,0,0,0,0,0,0,21,3,2,1,2,2,20,12,3.5,7,0
849,protect_s,symmetric,21,60,105,1.75,16,27,1.6875,41,5,5,0,16,0,16,0,0,0,0,0,0,0,0,0,0,21,3,2,1,2,2,20,12,3.5,7,0
850,unified,off,20,272,273,1.0037,69,69,1.0,0,17,17,0,0,3,3,0,0,0,0,0,0,0,0,3,0,17,3,1,5,2,2,20,12,3.5,15,9
850,protect_l,left,20,148,273,1.8446,38,69,1.8158,18,8,8,0,9,3,12,0,0,0,0,0,0,0,0,3,0,17,3,1,5,2,2,20,12,3.5,4,0
850,protect_s,symmetric,20,44,273,6.2045,12,69,5.75,26,2,2,0,15,3,18,0,0,0,0,0,0,0,0,3,0,17,3,1,5,2,2,20,12,3.5,4,0
851,unified,off,20,184,145,0.788,47,37,0.7872,0,17,17,0,0,3,3,0,0,0,1,0,0,0,0,3,0,17,1,4,3,2,2,20,5,3.75,13,4
851,protect_l,left,20,88,145,1.6477,23,37,1.6087,24,17,17,0,0,3,3,0,0,0,0,0,0,0,0,3,0,17,1,4,3,2,2,20,5,3.75,8,0
851,protect_s,symmetric,20,56,145,2.5893,15,37,2.4667,32,10,10,0,7,3,10,0,0,0,0,0,0,0,0,3,0,17,1,4,3,2,2,20,5,3.75,8,0
852,unified,off,21,120,93,0.775,31,24,0.7742,0,20,20,0,0,1,1,0,0,0,0,0,0,0,0,1,0,20,1,3,2,2,2,20,7,3.8,13,4
852,protect_l,left,21,88,93,1.0568,23,24,1.0435,24,20,20,0,0,1,1,0,0,0,0,0,0,0,0,1,0,20,1,3,2,2,2,20,7,3.8,9,0
852,protect_s,symmetric,21,68,93,1.3676,18,24,1.3333,38,18,18,0,2,1,3,0,0,0,0,0,0,0,0,1,0,20,1,3,2,2,2,20,7,3.8,9,0
853,unified,off,21,128,105,0.8203,33,27,0.8182,0,21,21,0,0,0,0,0,0,0,0,0,0,0,0,0,0,21,3,2,2,2,2,20,14,3.8,7,4
853,protect_l,left,21,92,105,1.1413,24,27,1.125,47,21,21,0,0,0,0,0,0,0,0,0,0,0,0,0,0,21,3,2,2,2,2,20,14,3.8,4,0
853,protect_s,symmetric,21,64,105,1.6406,17,27,1.5882,72,11,11,0,10,0,10,0,0,0,0,0,0,0,0,0,0,21,3,2,2,2,2,20,14,3.8,4,0
854,unified,off,21,104,77,0.7404,27,20,0.7407,0,21,21,0,0,0,0,0,0,0,1,0,0,0,0,0,0,21,2,1,3,2,2,20,13,3.4,13,7
854,protect_l,left,21,60,77,1.2833,16,20,1.25,14,21,21,0,0,0,0,0,0,0,0,0,0,0,0,0,0,21,2,1,3,2,2,20,13,3.4,6,0
854,protect_s,symmetric,21,56,77,1.375,15,20,1.3333,28,8,8,0,13,0,13,0,0,0,0,0,0,0,0,0,0,21,2,1,3,2,2,20,13,3.4,6,0
855,unified,off,20,288,269,0.934,73,68,0.9315,0,5,5,0,14,1,1,0,0,14,27,0,0,0,0,1,0,19,2,3,3,2,2,20,8,3.5,15,6
855,protect_l,left,20,220,269,1.2227,56,68,1.2143,44,17,17,0,2,1,3,0,0,0,0,0,0,0,0,1,0,19,2,3,3,2,2,20,8,3.5,10,0
855,protect_s,symmetric,20,144,269,1.8681,37,68,1.8378,52,7,7,0,12,1,13,0,0,0,0,0,0,0,0,1,0,19,2,3,3,2,2,20,8,3.5,10,0
856,unified,off,19,144,133,0.9236,37,34,0.9189,0,19,19,0,0,0,0,0,0,0,0,0,0,0,0,0,0,19,1,3,3,2,2,20,9,4.1,13,4
856,protect_l,left,19,128,133,1.0391,33,34,1.0303,41,18,18,0,1,0,1,0,0,0,0,0,0,0,0,0,0,19,1,3,3,2,2,20,9,4.1,9,0
856,protect_s,symmetric,19,108,133,1.2315,28,34,1.2143,47,10,10,0,9,0,9,0,0,0,0,0,0,0,0,0,0,19,1,3,3,2,2,20,9,4.1,9,0
857,unified,off,21,80,73,0.9125,21,19,0.9048,0,21,21,0,0,0,0,0,0,0,5,0,0,0,0,0,0,21,1,1,4,2,2,20,9,3.7,10,4
857,protect_l,left,21,60,73,1.2167,16,19,1.1875,37,21,21,0,0,0,0,0,0,0,0,0,0,0,0,0,0,21,1,1,4,2,2,20,9,3.7,7,0
857,protect_s,symmetric,21,60,73,1.2167,16,19,1.1875,49,16,16,0,5,0,5,0,0,0,0,0,0,0,0,0,0,21,1,1,4,2,2,20,9,3.7,7,0
858,unified,off,21,168,149,0.8869,43,38,0.8837,0,12,12,0,4,5,9,0,0,0,0,0,0,0,0,5,0,16,1,1,4,2,2,20,9,3.6,13,6
858,protect_l,left,21,116,149,1.2845,30,38,1.2667,50,12,12,0,4,5,9,0,0,0,0,0,0,0,0,5,0,16,1,1,4,2,2,20,9,3.6,7,0
858,protect_s,symmetric,21,80,149,1.8625,21,38,1.8095,54,7,7,0,9,5,14,0,0,0,0,0,0,0,0,5,0,16,1,1,4,2,2,20,9,3.6,7,0
859,unified,off,21,152,201,1.3224,39,51,1.3077,0,21,21,0,0,0,0,0,0,0,5,0,0,0,0,0,0,21,1,2,2,2,2,20,7,4.0,10,4
859,protect_l,left,21,124,201,1.621,32,51,1.5938,31,16,16,0,5,0,5,0,0,0,0,0,0,0,0,0,0,21,1,2,2,2,2,20,7,4.0,8,0
859,protect_s,symmetric,21,88,201,2.2841,23,51,2.2174,44,10,10,0,11,0,11,0,0,0,0,0,0,0,0,0,0,21,1,2,2,2,2,20,7,4.0,8,0
860,unified,off,21,192,213,1.1094,49,54,1.102,0,3,3,0,18,0,0,0,0,18,35,0,0,0,0,0,0,21,2,2,1,2,2,20,15,3.75,11,7
860,protect_l,left,21,108,213,1.9722,28,54,1.9286,23,19,19,0,2,0,2,0,0,0,0,0,0,0,0,0,0,21,2,2,1,2,2,20,15,3.75,3,0
860,protect_s,symmetric,21,24,213,8.875,7,54,7.7143,27,4,4,0,17,0,17,0,0,0,0,0,0,0,0,0,0,21,2,2,1,2,2,20,15,3.75,3,0
861,unified,off,20,104,89,0.8558,27,23,0.8519,0,20,20,0,0,0,0,0,0,0,12,0,0,0,0,0,0,20,1,3,2,2,2,20,5,3.9,9,4
861,protect_l,left,20,152,89,0.5855,39,23,0.5897,37,18,18,0,2,0,2,0,0,0,0,0,0,0,0,0,0,20,1,3,2,2,2,20,5,3.9,9,0
861,protect_s,symmetric,20,116,89,0.7672,30,23,0.7667,47,11,11,0,9,0,9,0,0,0,0,0,0,0,0,0,0,20,1,3,2,2,2,20,5,3.9,9,0
862,unified,off,21,132,137,1.0379,34,35,1.0294,0,5,5,0,15,1,5,0,0,11,25,0,0,0,0,1,0,20,1,1,2,2,2,20,5,3.5,13,4
862,protect_l,left,21,112,137,1.2232,29,35,1.2069,28,20,20,0,0,1,1,0,0,0,0,0,0,0,0,1,0,20,1,1,2,2,2,20,5,3.5,9,0
862,protect_s,symmetric,21,72,137,1.9028,19,35,1.8421,35,13,13,0,7,1,8,0,0,0,0,0,0,0,0,1,0,20,1,1,2,2,2,20,5,3.5,9,0
863,unified,off,20,136,117,0.8603,35,30,0.8571,0,20,20,0,0,0,0,0,0,0,1,0,0,0,0,0,0,20,1,1,4,2,2,20,7,3.6,12,4
863,protect_l,left,20,116,117,1.0086,30,30,1.0,48,20,20,0,0,0,0,0,0,0,0,0,0,0,0,0,0,20,1,1,4,2,2,20,7,3.6,8,0
863,protect_s,symmetric,20,100,117,1.17,26,30,1.1538,51,13,13,0,7,0,7,0,0,0,0,0,0,0,0,0,0,20,1,1,4,2,2,20,7,3.6,8,0
864,unified,off,21,164,153,0.9329,42,39,0.9286,0,20,20,0,0,1,1,0,0,0,0,0,0,0,0,1,0,20,2,2,1,2,2,20,12,3.75,17,10
864,protect_l,left,21,112,153,1.3661,29,39,1.3448,36,20,20,0,0,1,1,0,0,0,0,0,0,0,0,1,0,20,2,2,1,2,2,20,12,3.75,6,0
864,protect_s,symmetric,21,68,153,2.25,18,39,2.1667,45,5,5,0,15,1,16,0,0,0,0,0,0,0,0,1,0,20,2,2,1,2,2,20,12,3.75,6,0
865,unified,off,20,124,141,1.1371,32,36,1.125,0,19,19,0,0,1,1,0,0,0,7,0,0,0,0,1,0,19,2,3,1,2,2,20,11,3.75,11,6
865,protect_l,left,20,84,141,1.6786,22,36,1.6364,31,12,12,0,7,1,8,0,0,0,0,0,0,0,0,1,0,19,2,3,1,2,2,20,11,3.75,7,0
865,protect_s,symmetric,20,56,141,2.5179,15,36,2.4,45,10,10,0,9,1,10,0,0,0,0,0,0,0,0,1,0,19,2,3,1,2,2,20,11,3.75,7,0
866,unified,off,19,132,125,0.947,34,32,0.9412,0,18,18,0,0,1,1,0,0,0,0,0,0,0,0,1,0,18,1,2,3,2,2,20,8,3.7,10,5
866,protect_l,left,19,68,125,1.8382,18,32,1.7778,41,14,14,0,4,1,5,0,0,0,0,0,0,0,0,1,0,18,1,2,3,2,2,20,8,3.7,6,0
866,protect_s,symmetric,19,52,125,2.4038,14,32,2.2857,47,6,6,0,12,1,13,0,0,0,0,0,0,0,0,1,0,18,1,2,3,2,2,20,8,3.7,6,0
867,unified,off,21,232,193,0.8319,59,49,0.8305,0,21,21,0,0,0,0,0,0,0,7,0,0,0,0,0,0,21,2,1,2,2,2,20,13,3.55,15,9
867,protect_l,left,21,152,193,1.2697,39,49,1.2564,53,20,20,0,1,0,1,0,0,0,0,0,0,0,0,0,0,21,2,1,2,2,2,20,13,3.55,6,0
867,protect_s,symmetric,21,100,193,1.93,26,49,1.8846,84,18,18,0,3,0,3,0,0,0,0,0,0,0,0,0,0,21,2,1,2,2,2,20,13,3.55,6,0
868,unified,off,21,80,77,0.9625,21,20,0.9524,0,21,21,0,0,0,0,0,0,0,0,0,0,0,0,0,0,21,1,2,3,2,2,20,7,3.5,13,4
868,protect_l,left,21,60,77,1.2833,16,20,1.25,20,21,21,0,0,0,0,0,0,0,0,0,0,0,0,0,0,21,1,2,3,2,2,20,7,3.5,9,0
868,protect_s,symmetric,21,56,77,1.375,15,20,1.3333,27,10,10,0,11,0,11,0,0,0,0,0,0,0,0,0,0,21,1,2,3,2,2,20,7,3.5,9,0
869,unified,off,21,64,45,0.7031,17,12,0.7059,0,1,1,0,20,0,0,0,0,20,40,0,0,0,0,0,0,21,3,1,3,2,2,20,15,3.95,7,5
869,protect_l,left,21,36,45,1.25,10,12,1.2,14,21,21,0,0,0,0,0,0,0,0,0,0,0,0,0,0,21,3,1,3,2,2,20,15,3.95,2,0
869,protect_s,symmetric,21,20,45,2.25,6,12,2.0,21,5,5,0,16,0,16,0,0,0,0,0,0,0,0,0,0,21,3,1,3,2,2,20,15,3.95,2,0
870,unified,off,20,144,117,0.8125,37,30,0.8108,0,9,9,0,10,1,1,0,0,10,19,0,0,0,0,1,0,19,1,3,2,2,2,20,9,3.95,14,6
870,protect_l,left,20,92,117,1.2717,24,30,1.25,27,12,12,0,7,1,8,0,0,0,0,0,0,0,0,1,0,19,1,3,2,2,2,20,9,3.95,7,0
870,protect_s,symmetric,20,64,117,1.8281,17,30,1.7647,34,8,8,0,11,1,12,0,0,0,0,0,0,0,0,1,0,19,1,3,2,2,2,20,9,3.95,7,0
871,unified,off,21,120,117,0.975,31,30,0.9677,0,21,21,0,0,0,0,0,0,0,12,0,0,0,0,0,0,21,1,2,2,2,2,20,8,3.65,12,4
871,protect_l,left,21,76,117,1.5395,20,30,1.5,31,21,21,0,0,0,0,0,0,0,0,0,0,0,0,0,0,21,1,2,2,2,2,20,8,3.65,7,0
871,protect_s,symmetric,21,72,117,1.625,19,30,1.5789,49,20,20,0,1,0,1,0,0,0,0,0,0,0,0,0,0,21,1,2,2,2,2,20,8,3.65,7,0
872,unified,off,21,176,117,0.6648,45,30,0.6667,0,19,19,0,0,2,2,0,0,0,0,0,0,0,0,2,0,19,1,2,5,2,2,20,11,4.25,12,8
872,protect_l,left,21,92,117,1.2717,24,30,1.25,31,16,16,0,3,2,5,0,0,0,0,0,0,0,0,2,0,19,1,2,5,2,2,20,11,4.25,5,0
872,protect_s,symmetric,21,48,117,2.4375,13,30,2.3077,36,5,5,0,14,2,16,0,0,0,0,0,0,0,0,2,0,19,1,2,5,2,2,20,11,4.25,5,0
873,unified,off,21,160,117,0.7312,41,30,0.7317,0,21,21,0,0,0,0,0,0,0,3,0,0,0,0,0,0,21,1,2,1,2,2,20,10,3.7,12,8
873,protect_l,left,21,108,117,1.0833,28,30,1.0714,38,19,19,0,2,0,2,0,0,0,0,0,0,0,0,0,0,21,1,2,1,2,2,20,10,3.7,5,0
873,protect_s,symmetric,21,56,117,2.0893,15,30,2.0,53,10,10,0,11,0,11,0,0,0,0,0,0,0,0,0,0,21,1,2,1,2,2,20,10,3.7,5,0
874,unified,off,21,240,189,0.7875,61,48,0.7869,0,21,21,0,0,0,0,0,0,0,0,0,0,0,0,0,0,21,2,2,3,2,2,20,11,3.15,16,9
874,protect_l,left,21,160,189,1.1812,41,48,1.1707,44,20,20,0,1,0,1,0,0,0,0,0,0,0,0,0,0,21,2,2,3,2,2,20,11,3.15,8,0
874,protect_s,symmetric,21,100,189,1.89,26,48,1.8462,59,11,11,0,10,0,10,0,0,0,0,0,0,0,0,0,0,21,2,2,3,2,2,20,11,3.15,8,0
875,unified,off,20,164,109,0.6646,42,28,0.6667,0,1,1,0,19,0,0,0,0,19,37,0,0,0,0,0,0,20,1,1,5,2,2,20,9,3.35,16,6
875,protect_l,left,20,96,109,1.1354,25,28,1.12,20,20,20,0,0,0,0,0,0,0,0,0,0,0,0,0,0,20,1,1,5,2,2,20,9,3.35,9,0
875,protect_s,symmetric,20,72,109,1.5139,19,28,1.4737,26,12,12,0,8,0,8,0,0,0,0,0,0,0,0,0,0,20,1,1,5,2,2,20,9,3.35,9,0
876,unified,off,21,92,49,0.5326,24,13,0.5417,0,15,15,0,6,0,0,0,0,6,14,0,0,0,0,0,0,21,1,4,2,2,2,20,7,3.7,11,4
876,protect_l,left,21,84,49,0.5833,22,13,0.5909,23,13,13,0,8,0,8,0,0,0,0,0,0,0,0,0,0,21,1,4,2,2,2,20,7,3.7,8,0
876,protect_s,symmetric,21,64,49,0.7656,17,13,0.7647,41,13,13,0,8,0,8,0,0,0,0,0,0,0,0,0,0,21,1,4,2,2,2,20,7,3.7,8,0
877,unified,off,21,176,141,0.8011,45,36,0.8,0,10,10,0,5,6,11,0,0,0,6,0,0,0,0,6,0,15,1,2,4,2,2,20,10,4.2,13,8
877,protect_l,left,21,64,141,2.2031,17,36,2.1176,7,5,5,0,10,6,16,0,0,0,0,0,0,0,0,6,0,15,1,2,4,2,2,20,10,4.2,2,0
877,protect_s,symmetric,21,16,141,8.8125,5,36,7.2,11,2,2,0,13,6,19,0,0,0,0,0,0,0,0,6,0,15,1,2,4,2,2,20,10,4.2,2,0
878,unified,off,21,72,73,1.0139,19,19,1.0,0,21,21,0,0,0,0,0,0,0,3,0,0,0,0,0,0,21,2,1,2,2,2,20,11,3.4,7,2
878,protect_l,left,21,52,73,1.4038,14,19,1.3571,15,21,21,0,0,0,0,0,0,0,0,0,0,0,0,0,0,21,2,1,2,2,2,20,11,3.4,4,0
878,protect_s,symmetric,21,76,73,0.9605,20,19,0.95,56,21,21,0,0,0,0,0,0,0,0,0,0,0,0,0,0,21,2,1,2,2,2,20,11,3.4,4,0
879,unified,off,21,80,77,0.9625,21,20,0.9524,0,12,12,0,9,0,0,0,0,9,17,0,0,0,0,0,0,21,2,1,2,2,2,20,9,3.45,7,1
879,protect_l,left,21,72,77,1.0694,19,20,1.0526,15,21,21,0,0,0,0,0,0,0,0,0,0,0,0,0,0,21,2,1,2,2,2,20,9,3.45,6,0
879,protect_s,symmetric,21,56,77,1.375,15,20,1.3333,47,21,21,0,0,0,0,0,0,0,0,0,0,0,0,0,0,21,2,1,2,2,2,20,9,3.45,6,0
880,unified,off,21,220,193,0.8773,56,49,0.875,0,21,21,0,0,0,0,0,0,0,0,0,0,0,0,0,0,21,2,2,3,2,2,20,9,3.35,14,5
880,protect_l,left,21,172,193,1.1221,44,49,1.1136,75,21,21,0,0,0,0,0,0,0,0,0,0,0,0,0,0,21,2,2,3,2,2,20,9,3.35,9,0
880,protect_s,symmetric,21,124,193,1.5565,32,49,1.5312,83,9,9,0,12,0,12,0,0,0,0,0,0,0,0,0,0,21,2,2,3,2,2,20,9,3.35,9,0
881,unified,off,21,188,209,1.1117,48,53,1.1042,0,11,11,0,10,0,0,10,0,0,33,0,0,0,0,0,0,21,1,2,1,2,2,20,6,3.65,16,5
881,protect_l,left,21,132,209,1.5833,34,53,1.5588,39,18,18,0,3,0,3,0,0,0,0,0,0,0,0,0,0,21,1,2,1,2,2,20,6,3.65,9,0
881,protect_s,symmetric,21,80,209,2.6125,21,53,2.5238,50,16,16,0,5,0,5,0,0,0,0,0,0,0,0,0,0,21,1,2,1,2,2,20,6,3.65,9,0
882,unified,off,21,136,177,1.3015,35,45,1.2857,0,5,5,0,16,0,0,0,0,16,47,0,0,0,0,0,0,21,2,2,3,2,2,20,10,3.9,12,5
882,protect_l,left,21,116,177,1.5259,30,45,1.5,40,21,21,0,0,0,0,0,0,0,0,0,0,0,0,0,0,21,2,2,3,2,2,20,10,3.9,9,0
882,protect_s,symmetric,21,60,177,2.95,16,45,2.8125,49,4,4,0,17,0,17,0,0,0,0,0,0,0,0,0,0,21,2,2,3,2,2,20,10,3.9,9,0
883,unified,off,21,28,17,0.6071,8,5,0.625,0,21,21,0,0,0,0,0,0,0,0,0,0,0,0,0,0,21,2,3,3,2,2,20,12,3.75,3,1
883,protect_l,left,21,24,17,0.7083,7,5,0.7143,9,21,21,0,0,0,0,0,0,0,0,0,0,0,0,0,0,21,2,3,3,2,2,20,12,3.75,2,0
883,protect_s,symmetric,21,20,17,0.85,6,5,0.8333,17,6,6,0,15,0,15,0,0,0,0,0,0,0,0,0,0,21,2,3,3,2,2,20,12,3.75,2,0
884,unified,off,21,152,109,0.7171,39,28,0.7179,0,20,20,0,0,1,1,0,0,0,0,0,0,0,0,1,0,20,2,2,1,2,2,20,14,3.9,13,9
884,protect_l,left,21,80,109,1.3625,21,28,1.3333,26,20,20,0,0,1,1,0,0,0,0,0,0,0,0,1,0,20,2,2,1,2,2,20,14,3.9,4,0
884,protect_s,symmetric,21,44,109,2.4773,12,28,2.3333,39,13,13,0,7,1,8,0,0,0,0,0,0,0,0,1,0,20,2,2,1,2,2,20,14,3.9,4,0
885,unified,off,21,160,209,1.3062,41,53,1.2927,0,3,3,0,17,1,1,0,0,17,47,0,0,0,0,1,0,20,2,1,2,2,2,20,9,3.45,13,7
885,protect_l,left,21,88,209,2.375,23,53,2.3043,18,20,20,0,0,1,1,0,0,0,0,0,0,0,0,1,0,20,2,1,2,2,2,20,9,3.45,5,0
885,protect_s,symmetric,21,36,209,5.8056,10,53,5.3,35,13,13,0,7,1,8,0,0,0,0,0,0,0,0,1,0,20,2,1,2,2,2,20,9,3.45,5,0
886,unified,off,21,188,245,1.3032,48,62,1.2917,0,19,19,0,0,2,2,0,0,0,0,0,0,0,0,2,0,19,2,2,1,2,2,20,9,3.5,13,4
886,protect_l,left,21,168,245,1.4583,43,62,1.4419,28,19,19,0,0,2,2,0,0,0,0,0,0,0,0,2,0,19,2,2,1,2,2,20,9,3.5,8,0
886,protect_s,symmetric,21,112,245,2.1875,29,62,2.1379,52,12,12,0,7,2,9,0,0,0,0,0,0,0,0,2,0,19,2,2,1,2,2,20,9,3.5,8,0
887,unified,off,21,228,209,0.9167,58,53,0.9138,0,21,21,0,0,0,0,0,0,0,0,0,0,0,0,0,0,21,4,1,2,2,2,20,16,3.2,14,12
887,protect_l,left,21,128,209,1.6328,33,53,1.6061,31,21,21,0,0,0,0,0,0,0,0,0,0,0,0,0,0,21,4,1,2,2,2,20,16,3.2,2,0
887,protect_s,symmetric,21,32,209,6.5312,9,53,5.8889,45,11,11,0,10,0,10,0,0,0,0,0,0,0,0,0,0,21,4,1,2,2,2,20,16,3.2,2,0
888,unified,off,21,84,81,0.9643,22,21,0.9545,0,1,1,0,20,0,0,0,0,20,44,0,0,0,0,0,0,21,1,1,5,2,2,20,6,3.4,8,1
888,protect_l,left,21,96,81,0.8438,25,21,0.84,33,21,21,0,0,0,0,0,0,0,0,0,0,0,0,0,0,21,1,1,5,2,2,20,6,3.4,10,0
888,protect_s,symmetric,21,80,81,1.0125,21,21,1.0,54,15,15,0,6,0,6,0,0,0,0,0,0,0,0,0,0,21,1,1,5,2,2,20,6,3.4,10,0
889,unified,off,20,80,73,0.9125,21,19,0.9048,0,20,20,0,0,0,0,0,0,0,6,0,0,0,0,0,0,20,1,3,4,2,2,20,9,4.2,12,5
889,protect_l,left,20,68,73,1.0735,18,19,1.0556,20,20,20,0,0,0,0,0,0,0,0,0,0,0,0,0,0,20,1,3,4,2,2,20,9,4.2,9,0
889,protect_s,symmetric,20,60,73,1.2167,16,19,1.1875,27,10,10,0,10,0,10,0,0,0,0,0,0,0,0,0,0,20,1,3,4,2,2,20,9,4.2,9,0
890,unified,off,21,112,149,1.3304,29,38,1.3103,0,21,21,0,0,0,0,0,0,0,5,0,0,0,0,0,0,21,4,2,1,2,2,20,15,3.65,12,9
890,protect_l,left,21,76,149,1.9605,20,38,1.9,41,21,21,0,0,0,0,0,0,0,0,0,0,0,0,0,0,21,4,2,1,2,2,20,15,3.65,4,0
890,protect_s,symmetric,21,48,149,3.1042,13,38,2.9231,60,16,16,0,5,0,5,0,0,0,0,0,0,0,0,0,0,21,4,2,1,2,2,20,15,3.65,4,0
891,unified,off,21,184,153,0.8315,47,39,0.8298,0,12,12,0,9,0,0,0,0,9,18,0,0,0,0,0,0,21,2,3,1,2,2,20,12,3.45,15,7
891,protect_l,left,21,132,153,1.1591,34,39,1.1471,67,21,21,0,0,0,0,0,0,0,0,0,0,0,0,0,0,21,2,3,1,2,2,20,12,3.45,7,0
891,protect_s,symmetric,21,84,153,1.8214,22,39,1.7727,84,13,13,0,8,0,8,0,0,0,0,0,0,0,0,0,0,21,2,3,1,2,2,20,12,3.45,7,0
892,unified,off,20,116,93,0.8017,30,24,0.8,0,20,20,0,0,0,0,0,0,0,3,0,0,0,0,0,0,20,1,4,1,2,2,20,7,3.75,12,3
892,protect_l,left,20,120,93,0.775,31,24,0.7742,37,20,20,0,0,0,0,0,0,0,0,0,0,0,0,0,0,20,1,4,1,2,2,20,7,3.75,9,0
892,protect_s,symmetric,20,96,93,0.9688,25,24,0.96,45,12,12,0,8,0,8,0,0,0,0,0,0,0,0,0,0,20,1,4,1,2,2,20,7,3.75,9,0
893,unified,off,21,108,113,1.0463,28,29,1.0357,0,21,21,0,0,0,0,0,0,0,15,0,0,0,0,0,0,21,1,3,1,2,2,20,7,4.0,12,4
893,protect_l,left,21,76,113,1.4868,20,29,1.45,15,19,19,0,2,0,2,0,0,0,0,0,0,0,0,0,0,21,1,3,1,2,2,20,7,4.0,7,0
893,protect_s,symmetric,21,52,113,2.1731,14,29,2.0714,26,12,12,0,9,0,9,0,0,0,0,0,0,0,0,0,0,21,1,3,1,2,2,20,7,4.0,7,0
894,unified,off,20,96,65,0.6771,25,17,0.68,0,20,20,0,0,0,0,0,0,0,2,0,0,0,0,0,0,20,3,1,3,2,2,20,14,3.8,8,7
894,protect_l,left,20,48,65,1.3542,13,17,1.3077,10,19,19,0,1,0,1,0,0,0,0,0,0,0,0,0,0,20,3,1,3,2,2,20,14,3.8,1,0
894,protect_s,symmetric,20,12,65,5.4167,4,17,4.25,16,3,3,0,17,0,17,0,0,0,0,0,0,0,0,0,0,20,3,1,3,2,2,20,14,3.8,1,0
895,unified,off,21,144,141,0.9792,37,36,0.973,0,3,3,0,18,0,0,0,0,18,50,0,0,0,0,0,0,21,3,1,3,2,2,20,13,3.25,10,7
895,protect_l,left,21,96,141,1.4688,25,36,1.44,35,15,15,0,6,0,6,0,0,0,0,0,0,0,0,0,0,21,3,1,3,2,2,20,13,3.25,4,0
895,protect_s,symmetric,21,32,141,4.4062,9,36,4.0,41,2,2,0,19,0,19,0,0,0,0,0,0,0,0,0,0,21,3,1,3,2,2,20,13,3.25,4,0
896,unified,off,20,148,97,0.6554,38,25,0.6579,0,20,20,0,0,0,0,0,0,0,2,0,0,0,0,0,0,20,1,3,2,2,2,20,6,3.75,14,4
896,protect_l,left,20,104,97,0.9327,27,25,0.9259,22,20,20,0,0,0,0,0,0,0,0,0,0,0,0,0,0,20,1,3,2,2,2,20,6,3.75,10,0
896,protect_s,symmetric,20,64,97,1.5156,17,25,1.4706,31,13,13,0,7,0,7,0,0,0,0,0,0,0,0,0,0,20,1,3,2,2,2,20,6,3.75,10,0
897,unified,off,21,196,205,1.0459,50,52,1.04,0,6,6,0,14,1,1,0,0,14,31,0,0,0,0,1,0,20,1,3,1,2,2,20,4,3.35,16,3
897,protect_l,left,21,168,205,1.2202,43,52,1.2093,39,20,20,0,0,1,1,0,0,0,0,0,0,0,0,1,0,20,1,3,1,2,2,20,4,3.35,11,0
897,protect_s,symmetric,21,104,205,1.9712,27,52,1.9259,45,10,10,0,10,1,11,0,0,0,0,0,0,0,0,1,0,20,1,3,1,2,2,20,4,3.35,11,0
898,unified,off,19,152,129,0.8487,39,33,0.8462,0,19,19,0,0,0,0,0,0,0,3,0,0,0,0,0,0,19,1,1,4,2,2,20,8,3.65,16,7
898,protect_l,left,19,132,129,0.9773,34,33,0.9706,50,19,19,0,0,0,0,0,0,0,0,0,0,0,0,0,0,19,1,1,4,2,2,20,8,3.65,9,0
898,protect_s,symmetric,19,100,129,1.29,26,33,1.2692,65,16,16,0,3,0,3,0,0,0,0,0,0,0,0,0,0,19,1,1,4,2,2,20,8,3.65,9,0
899,unified,off,21,232,197,0.8491,59,50,0.8475,0,20,20,0,0,1,1,0,0,0,6,0,0,0,0,1,0,20,1,5,1,2,2,20,5,3.7,16,5
899,protect_l,left,21,108,197,1.8241,28,50,1.7857,21,20,20,0,0,1,1,0,0,0,0,0,0,0,0,1,0,20,1,5,1,2,2,20,5,3.7,10,0
899,protect_s,symmetric,21,56,197,3.5179,15,50,3.3333,28,12,12,0,8,1,9,0,0,0,0,0,0,0,0,1,0,20,1,5,1,2,2,20,5,3.7,10,0
900,unified,off,21,80,65,0.8125,21,17,0.8095,0,21,21,0,0,0,0,0,0,0,4,0,0,0,0,0,0,21,1,3,3,2,2,20,9,3.7,10,5
900,protect_l,left,21,32,65,2.0312,9,17,1.8889,15,21,21,0,0,0,0,0,0,0,0,0,0,0,0,0,0,21,1,3,3,2,2,20,9,3.7,4,0
900,protect_s,symmetric,21,24,65,2.7083,7,17,2.4286,21,10,10,0,11,0,11,0,0,0,0,0,0,0,0,0,0,21,1,3,3,2,2,20,9,3.7,4,0
901,unified,off,21,112,101,0.9018,29,26,0.8966,0,21,21,0,0,0,0,0,0,0,0,0,0,0,0,0,0,21,2,3,1,2,2,20,9,3.3,13,4
901,protect_l,left,21,84,101,1.2024,22,26,1.1818,15,21,21,0,0,0,0,0,0,0,0,0,0,0,0,0,0,21,2,3,1,2,2,20,9,3.3,8,0
901,protect_s,symmetric,21,52,101,1.9423,14,26,1.8571,22,8,8,0,13,0,13,0,0,0,0,0,0,0,0,0,0,21,2,3,1,2,2,20,9,3.3,8,0
902,unified,off,21,108,129,1.1944,28,33,1.1786,0,21,21,0,0,0,0,0,0,0,4,0,0,0,0,0,0,21,1,1,3,2,2,20,7,3.95,11,3
902,protect_l,left,21,124,129,1.0403,32,33,1.0312,33,21,21,0,0,0,0,0,0,0,0,0,0,0,0,0,0,21,1,1,3,2,2,20,7,3.95,11,0
902,protect_s,symmetric,21,84,129,1.5357,22,33,1.5,41,12,12,0,9,0,9,0,0,0,0,0,0,0,0,0,0,21,1,1,3,2,2,20,7,3.95,11,0
903,unified,off,21,220,257,1.1682,56,65,1.1607,0,20,20,0,0,1,1,0,0,0,0,0,0,0,0,1,0,20,1,2,2,2,2,20,6,3.4,16,5
903,protect_l,left,21,180,257,1.4278,46,65,1.413,63,20,20,0,0,1,1,0,0,0,0,0,0,0,0,1,0,20,1,2,2,2,2,20,6,3.4,11,0
903,protect_s,symmetric,21,164,257,1.5671,42,65,1.5476,78,16,16,0,4,1,5,0,0,0,0,0,0,0,0,1,0,20,1,2,2,2,2,20,6,3.4,11,0
904,unified,off,20,228,173,0.7588,58,44,0.7586,0,20,20,0,0,0,0,0,0,0,0,0,0,0,0,0,0,20,1,2,2,2,2,20,7,3.85,18,5
904,protect_l,left,20,172,173,1.0058,44,44,1.0,66,20,20,0,0,0,0,0,0,0,0,0,0,0,0,0,0,20,1,2,2,2,2,20,7,3.85,12,0
904,protect_s,symmetric,20,132,173,1.3106,34,44,1.2941,90,15,15,0,5,0,5,0,0,0,0,0,0,0,0,0,0,20,1,2,2,2,2,20,7,3.85,12,0
905,unified,off,21,280,273,0.975,71,69,0.9718,0,21,21,0,0,0,0,0,0,0,6,0,0,0,0,0,0,21,2,4,1,2,2,20,11,3.4,15,7
905,protect_l,left,21,172,273,1.5872,44,69,1.5682,42,19,19,0,2,0,2,0,0,0,0,0,0,0,0,0,0,21,2,4,1,2,2,20,11,3.4,7,0
905,protect_s,symmetric,21,92,273,2.9674,24,69,2.875,60,10,10,0,11,0,11,0,0,0,0,0,0,0,0,0,0,21,2,4,1,2,2,20,11,3.4,7,0
906,unified,off,21,116,89,0.7672,30,23,0.7667,0,21,21,0,0,0,0,0,0,0,0,0,0,0,0,0,0,21,1,2,2,2,2,20,9,3.9,12,4
906,protect_l,left,21,100,89,0.89,26,23,0.8846,40,21,21,0,0,0,0,0,0,0,0,0,0,0,0,0,0,21,1,2,2,2,2,20,9,3.9,8,0
906,protect_s,symmetric,21,88,89,1.0114,23,23,1.0,55,21,21,0,0,0,0,0,0,0,0,0,0,0,0,0,0,21,1,2,2,2,2,20,9,3.9,8,0
907,unified,off,21,280,253,0.9036,71,64,0.9014,0,12,12,0,5,4,4,0,0,5,10,0,0,0,0,4,0,17,1,3,4,2,2,20,6,3.55,15,2
907,protect_l,left,21,260,253,0.9731,66,64,0.9697,29,16,16,0,1,4,5,0,0,0,0,0,0,0,0,4,0,17,1,3,4,2,2,20,6,3.55,13,0
907,protect_s,symmetric,21,208,253,1.2163,53,64,1.2075,38,11,11,0,6,4,10,0,0,0,0,0,0,0,0,4,0,17,1,3,4,2,2,20,6,3.55,13,0
908,unified,off,19,288,261,0.9062,73,66,0.9041,0,15,15,0,0,4,4,0,0,0,0,0,0,0,0,4,0,15,1,4,4,2,2,20,5,3.6,16,2
908,protect_l,left,19,220,261,1.1864,56,66,1.1786,13,14,14,0,1,4,5,0,0,0,0,0,0,0,0,4,0,15,1,4,4,2,2,20,5,3.6,13,0
908,protect_s,symmetric,19,200,261,1.305,51,66,1.2941,23,11,11,0,4,4,8,0,0,0,0,0,0,0,0,4,0,15,1,4,4,2,2,20,5,3.6,13,0
909,unified,off,21,216,185,0.8565,55,47,0.8545,0,21,21,0,0,0,0,0,0,0,4,0,0,0,0,0,0,21,2,3,2,2,2,20,10,3.95,12,5
909,protect_l,left,21,128,185,1.4453,33,47,1.4242,25,20,20,0,1,0,1,0,0,0,0,0,0,0,0,0,0,21,2,3,2,2,2,20,10,3.95,6,0
909,protect_s,symmetric,21,56,185,3.3036,15,47,3.1333,33,8,8,0,13,0,13,0,0,0,0,0,0,0,0,0,0,21,2,3,2,2,2,20,10,3.95,6,0
910,unified,off,21,216,161,0.7454,55,41,0.7455,0,21,21,0,0,0,0,0,0,0,0,0,0,0,0,0,0,21,4,2,3,2,2,20,15,3.2,13,10
910,protect_l,left,21,52,161,3.0962,14,41,2.9286,17,19,19,0,2,0,2,0,0,0,0,0,0,0,0,0,0,21,4,2,3,2,2,20,15,3.2,1,0
910,protect_s,symmetric,21,20,161,8.05,6,41,6.8333,26,7,7,0,14,0,14,0,0,0,0,0,0,0,0,0,0,21,4,2,3,2,2,20,15,3.2,1,0
911,unified,off,21,64,49,0.7656,17,13,0.7647,0,5,5,0,16,0,0,0,0,16,31,0,0,0,0,0,0,21,2,2,1,2,2,20,15,3.85,10,6
911,protect_l,left,21,36,49,1.3611,10,13,1.3,25,21,21,0,0,0,0,0,0,0,0,0,0,0,0,0,0,21,2,2,1,2,2,20,15,3.85,4,0
911,protect_s,symmetric,21,32,49,1.5312,9,13,1.4444,29,6,6,0,15,0,15,0,0,0,0,0,0,0,0,0,0,21,2,2,1,2,2,20,15,3.85,4,0
912,unified,off,21,80,77,0.9625,21,20,0.9524,0,21,21,0,0,0,0,0,0,0,3,0,0,0,0,0,0,21,1,4,1,2,2,20,8,3.65,9,5
912,protect_l,left,21,32,77,2.4062,9,20,2.2222,19,18,18,0,3,0,3,0,0,0,0,0,0,0,0,0,0,21,1,4,1,2,2,20,8,3.65,4,0
912,protect_s,symmetric,21,32,77,2.4062,9,20,2.2222,28,18,18,0,3,0,3,0,0,0,0,0,0,0,0,0,0,21,1,4,1,2,2,20,8,3.65,4,0
913,unified,off,21,220,173,0.7864,56,44,0.7857,0,21,21,0,0,0,0,0,0,0,0,0,0,0,0,0,0,21,1,3,4,2,2,20,8,3.7,15,6
913,protect_l,left,21,168,173,1.0298,43,44,1.0233,41,21,21,0,0,0,0,0,0,0,0,0,0,0,0,0,0,21,1,3,4,2,2,20,8,3.7,9,0
913,protect_s,symmetric,21,116,173,1.4914,30,44,1.4667,50,12,12,0,9,0,9,0,0,0,0,0,0,0,0,0,0,21,1,3,4,2,2,20,8,3.7,9,0
914,unified,off,20,160,129,0.8063,41,33,0.8049,0,20,20,0,0,0,0,0,0,0,0,0,0,0,0,0,0,20,1,2,5,2,2,20,10,3.9,11,5
914,protect_l,left,20,84,129,1.5357,22,33,1.5,18,20,20,0,0,0,0,0,0,0,0,0,0,0,0,0,0,20,1,2,5,2,2,20,10,3.9,6,0
914,protect_s,symmetric,20,48,129,2.6875,13,33,2.5385,31,11,11,0,9,0,9,0,0,0,0,0,0,0,0,0,0,20,1,2,5,2,2,20,10,3.9,6,0
915,unified,off,21,76,65,0.8553,20,17,0.85,0,21,21,0,0,0,0,0,0,0,18,0,0,0,0,0,0,21,1,2,2,2,2,20,9,4.1,8,3
915,protect_l,left,21,76,65,0.8553,20,17,0.85,26,21,21,0,0,0,0,0,0,0,0,0,0,0,0,0,0,21,1,2,2,2,2,20,9,4.1,5,0
915,protect_s,symmetric,21,56,65,1.1607,15,17,1.1333,32,12,12,0,9,0,9,0,0,0,0,0,0,0,0,0,0,21,1,2,2,2,2,20,9,4.1,5,0
916,unified,off,21,96,65,0.6771,25,17,0.68,0,20,20,0,0,1,1,0,0,0,3,0,0,0,0,1,0,20,1,2,3,2,2,20,9,4.45,10,5
916,protect_l,left,21,64,65,1.0156,17,17,1.0,23,15,15,0,5,1,6,0,0,0,0,0,0,0,0,1,0,20,1,2,3,2,2,20,9,4.45,5,0
916,protect_s,symmetric,21,44,65,1.4773,12,17,1.4167,31,7,7,0,13,1,14,0,0,0,0,0,0,0,0,1,0,20,1,2,3,2,2,20,9,4.45,5,0
917,unified,off,21,140,81,0.5786,36,21,0.5833,0,1,1,0,18,2,2,0,0,18,42,0,0,0,0,2,0,19,3,2,1,2,2,20,15,3.5,13,11
917,protect_l,left,21,84,81,0.9643,22,21,0.9545,23,7,7,0,12,2,14,0,0,0,0,0,0,0,0,2,0,19,3,2,1,2,2,20,15,3.5,2,0
917,protect_s,symmetric,21,20,81,4.05,6,21,3.5,29,5,5,0,14,2,16,0,0,0,0,0,0,0,0,2,0,19,3,2,1,2,2,20,15,3.5,2,0
918,unified,off,21,68,85,1.25,18,22,1.2222,0,12,12,0,9,0,0,0,0,9,18,0,0,0,0,0,0,21,1,2,1,2,2,20,8,4.15,4,1
918,protect_l,left,21,64,85,1.3281,17,22,1.2941,13,21,21,0,0,0,0,0,0,0,0,0,0,0,0,0,0,21,1,2,1,2,2,20,8,4.15,3,0
918,protect_s,symmetric,21,28,85,3.0357,8,22,2.75,27,15,15,0,6,0,6,0,0,0,0,0,0,0,0,0,0,21,1,2,1,2,2,20,8,4.15,3,0
919,unified,off,21,112,45,0.4018,29,12,0.4138,0,2,2,0,15,4,4,0,0,15,31,0,0,0,0,4,0,17,2,3,1,2,2,20,11,4.25,12,6
919,protect_l,left,21,60,45,0.75,16,12,0.75,16,17,17,0,0,4,4,0,0,0,0,0,0,0,0,4,0,17,2,3,1,2,2,20,11,4.25,6,0
919,protect_s,symmetric,21,36,45,1.25,10,12,1.2,24,8,8,0,9,4,13,0,0,0,0,0,0,0,0,4,0,17,2,3,1,2,2,20,11,4.25,6,0
920,unified,off,21,188,197,1.0479,48,50,1.0417,0,21,21,0,0,0,0,0,0,0,11,0,0,0,0,0,0,21,1,1,2,2,2,20,8,3.45,14,4
920,protect_l,left,21,172,197,1.1453,44,50,1.1364,64,21,21,0,0,0,0,0,0,0,0,0,0,0,0,0,0,21,1,1,2,2,2,20,8,3.45,11,0
920,protect_s,symmetric,21,120,197,1.6417,31,50,1.6129,79,17,17,0,4,0,4,0,0,0,0,0,0,0,0,0,0,21,1,1,2,2,2,20,8,3.45,11,0
921,unified,off,20,68,45,0.6618,18,12,0.6667,0,20,20,0,0,0,0,0,0,0,0,0,0,0,0,0,0,20,1,2,5,2,2,20,6,3.9,11,3
921,protect_l,left,20,52,45,0.8654,14,12,0.8571,6,20,20,0,0,0,0,0,0,0,0,0,0,0,0,0,0,20,1,2,5,2,2,20,6,3.9,8,0
921,protect_s,symmetric,20,48,45,0.9375,13,12,0.9231,13,14,14,0,6,0,6,0,0,0,0,0,0,0,0,0,0,20,1,2,5,2,2,20,6,3.9,8,0
922,unified,off,21,88,133,1.5114,23,34,1.4783,0,4,4,0,17,0,0,0,0,17,33,0,0,0,0,0,0,21,2,1,3,2,2,20,12,3.2,12,8
922,protect_l,left,21,60,133,2.2167,16,34,2.125,27,21,21,0,0,0,0,0,0,0,0,0,0,0,0,0,0,21,2,1,3,2,2,20,12,3.2,5,0
922,protect_s,symmetric,21,60,133,2.2167,16,34,2.125,46,19,19,0,2,0,2,0,0,0,0,0,0,0,0,0,0,21,2,1,3,2,2,20,12,3.2,5,0
923,unified,off,19,152,85,0.5592,39,22,0.5641,0,13,13,0,2,4,6,0,0,0,0,0,0,0,0,4,0,15,1,3,4,2,2,20,6,4.05,10,4
923,protect_l,left,19,124,85,0.6855,32,22,0.6875,10,11,11,0,4,4,8,0,0,0,0,0,0,0,0,4,0,15,1,3,4,2,2,20,6,4.05,9,0
923,protect_s,symmetric,19,56,85,1.5179,15,22,1.4667,20,6,6,0,9,4,13,0,0,0,0,0,0,0,0,4,0,15,1,3,4,2,2,20,6,4.05,9,0
924,unified,off,21,128,81,0.6328,33,21,0.6364,0,21,21,0,0,0,0,0,0,0,0,0,0,0,0,0,0,21,2,2,3,2,2,20,14,3.9,11,7
924,protect_l,left,21,68,81,1.1912,18,21,1.1667,28,17,17,0,4,0,4,0,0,0,0,0,0,0,0,0,0,21,2,2,3,2,2,20,14,3.9,4,0
924,protect_s,symmetric,21,40,81,2.025,11,21,1.9091,35,4,4,0,17,0,17,0,0,0,0,0,0,0,0,0,0,21,2,2,3,2,2,20,14,3.9,4,0
925,unified,off,21,148,133,0.8986,38,34,0.8947,0,18,18,0,2,1,3,0,0,0,0,0,0,0,0,1,0,20,1,4,4,2,2,20,9,4.0,14,7
925,protect_l,left,21,72,133,1.8472,19,34,1.7895,35,14,14,0,6,1,7,0,0,0,0,0,0,0,0,1,0,20,1,4,4,2,2,20,9,4.0,6,0
925,protect_s,symmetric,21,52,133,2.5577,14,34,2.4286,43,7,7,0,13,1,14,0,0,0,0,0,0,0,0,1,0,20,1,4,4,2,2,20,9,4.0,6,0
926,unified,off,20,140,153,1.0929,36,39,1.0833,0,1,1,0,19,0,0,0,0,19,39,0,0,0,0,0,0,20,3,1,3,2,2,20,14,3.3,13,10
926,protect_l,left,20,84,153,1.8214,22,39,1.7727,29,19,19,0,1,0,1,0,0,0,0,0,0,0,0,0,0,20,3,1,3,2,2,20,14,3.3,3,0
926,protect_s,symmetric,20,32,153,4.7812,9,39,4.3333,37,3,3,0,17,0,17,0,0,0,0,0,0,0,0,0,0,20,3,1,3,2,2,20,14,3.3,3,0
927,unified,off,21,208,173,0.8317,53,44,0.8302,0,12,12,0,9,0,0,0,0,9,27,0,0,0,0,0,0,21,1,4,1,2,2,20,5,4.05,17,5
927,protect_l,left,21,200,173,0.865,51,44,0.8627,28,20,20,0,1,0,1,0,0,0,0,0,0,0,0,0,0,21,1,4,1,2,2,20,5,4.05,13,0
927,protect_s,symmetric,21,152,173,1.1382,39,44,1.1282,34,14,14,0,7,0,7,0,0,0,0,0,0,0,0,0,0,21,1,4,1,2,2,20,5,4.05,13,0
928,unified,off,21,128,121,0.9453,33,31,0.9394,0,1,1,0,20,0,0,0,0,20,44,0,0,0,0,0,0,21,2,3,3,2,2,20,14,3.7,10,7
928,protect_l,left,21,72,121,1.6806,19,31,1.6316,17,2,2,0,19,0,19,0,0,0,0,0,0,0,0,0,0,21,2,3,3,2,2,20,14,3.7,2,0
928,protect_s,symmetric,21,16,121,7.5625,5,31,6.2,22,2,2,0,19,0,19,0,0,0,0,0,0,0,0,0,0,21,2,3,3,2,2,20,14,3.7,2,0
929,unified,off,21,128,149,1.1641,33,38,1.1515,0,1,1,0,20,0,0,20,0,0,62,0,0,0,0,0,0,21,2,3,1,2,2,20,14,3.55,12,8
929,protect_l,left,21,72,149,2.0694,19,38,2.0,32,16,16,0,5,0,5,0,0,0,0,0,0,0,0,0,0,21,2,3,1,2,2,20,14,3.55,5,0
929,protect_s,symmetric,21,40,149,3.725,11,38,3.4545,37,3,3,0,18,0,18,0,0,0,0,0,0,0,0,0,0,21,2,3,1,2,2,20,14,3.55,5,0
930,unified,off,21,176,153,0.8693,45,39,0.8667,0,7,7,0,9,5,14,0,0,0,5,0,0,0,0,5,0,16,1,3,3,2,2,20,7,3.9,12,4
930,protect_l,left,21,96,153,1.5938,25,39,1.56,12,11,11,0,5,5,10,0,0,0,0,0,0,0,0,5,0,16,1,3,3,2,2,20,7,3.9,7,0
930,protect_s,symmetric,21,40,153,3.825,11,39,3.5455,17,9,9,0,7,5,12,0,0,0,0,0,0,0,0,5,0,16,1,3,3,2,2,20,7,3.9,7,0
931,unified,off,21,156,125,0.8013,40,32,0.8,0,1,1,0,20,0,0,20,0,0,65,0,0,0,0,0,0,21,2,3,3,2,2,20,8,3.75,12,6
931,protect_l,left,21,60,125,2.0833,16,32,2.0,23,11,11,0,10,0,10,0,0,0,0,0,0,0,0,0,0,21,2,3,3,2,2,20,8,3.75,6,0
931,protect_s,symmetric,21,40,125,3.125,11,32,2.9091,34,5,5,0,16,0,16,0,0,0,0,0,0,0,0,0,0,21,2,3,3,2,2,20,8,3.75,6,0
932,unified,off,21,92,61,0.663,24,16,0.6667,0,15,15,0,1,5,6,0,0,0,12,0,0,0,0,5,0,16,1,3,5,2,2,20,8,3.75,11,7
932,protect_l,left,21,52,61,1.1731,14,16,1.1429,8,4,4,0,12,5,17,0,0,0,0,0,0,0,0,5,0,16,1,3,5,2,2,20,8,3.75,3,0
932,protect_s,symmetric,21,20,61,3.05,6,16,2.6667,18,3,3,0,13,5,18,0,0,0,0,0,0,0,0,5,0,16,1,3,5,2,2,20,8,3.75,3,0
933,unified,off,21,104,49,0.4712,27,13,0.4815,0,1,1,0,20,0,0,0,0,20,44,0,0,0,0,0,0,21,1,2,3,2,2,20,8,4.05,9,4
933,protect_l,left,21,64,49,0.7656,17,13,0.7647,29,19,19,0,2,0,2,0,0,0,0,0,0,0,0,0,0,21,1,2,3,2,2,20,8,4.05,5,0
933,protect_s,symmetric,21,40,49,1.225,11,13,1.1818,34,9,9,0,12,0,12,0,0,0,0,0,0,0,0,0,0,21,1,2,3,2,2,20,8,4.05,5,0
934,unified,off,20,172,105,0.6105,44,27,0.6136,0,1,1,0,19,0,0,0,0,19,51,0,0,0,0,0,0,20,2,4,4,2,2,20,12,3.75,12,8
934,protect_l,left,20,64,105,1.6406,17,27,1.5882,6,8,8,0,12,0,12,0,0,0,0,0,0,0,0,0,0,20,2,4,4,2,2,20,12,3.75,1,0
934,protect_s,symmetric,20,12,105,8.75,4,27,6.75,14,2,2,0,18,0,18,0,0,0,0,0,0,0,0,0,0,20,2,4,4,2,2,20,12,3.75,1,0
935,unified,off,20,120,77,0.6417,31,20,0.6452,0,20,20,0,0,0,0,0,0,0,6,0,0,0,0,0,0,20,3,3,2,2,2,20,15,3.95,11,8
935,protect_l,left,20,72,77,1.0694,19,20,1.0526,21,20,20,0,0,0,0,0,0,0,0,0,0,0,0,0,0,20,3,3,2,2,2,20,15,3.95,4,0
935,protect_s,symmetric,20,36,77,2.1389,10,20,2.0,29,5,5,0,15,0,15,0,0,0,0,0,0,0,0,0,0,20,3,3,2,2,2,20,15,3.95,4,0
936,unified,off,21,160,181,1.1313,41,46,1.122,0,21,21,0,0,0,0,0,0,0,0,0,0,0,0,0,0,21,1,2,4,2,2,20,3,3.65,13,2
936,protect_l,left,21,140,181,1.2929,36,46,1.2778,25,21,21,0,0,0,0,0,0,0,0,0,0,0,0,0,0,21,1,2,4,2,2,20,3,3.65,11,0
936,protect_s,symmetric,21,136,181,1.3309,35,46,1.3143,32,17,17,0,4,0,4,0,0,0,0,0,0,0,0,0,0,21,1,2,4,2,2,20,3,3.65,11,0
937,unified,off,20,200,189,0.945,51,48,0.9412,0,5,5,0,15,0,0,0,0,15,31,0,0,0,0,0,0,20,2,1,2,2,2,20,12,3.4,11,6
937,protect_l,left,20,180,189,1.05,46,48,1.0435,81,20,20,0,0,0,0,0,0,0,0,0,0,0,0,0,0,20,2,1,2,2,2,20,12,3.4,7,0
937,protect_s,symmetric,20,92,189,2.0543,24,48,2.0,88,4,4,0,16,0,16,0,0,0,0,0,0,0,0,0,0,20,2,1,2,2,2,20,12,3.4,7,0
938,unified,off,21,96,125,1.3021,25,32,1.28,0,20,20,0,0,1,1,0,0,0,1,0,0,0,0,1,0,20,1,1,1,2,2,20,7,3.6,8,4
938,protect_l,left,21,76,125,1.6447,20,32,1.6,12,20,20,0,0,1,1,0,0,0,0,0,0,0,0,1,0,20,1,1,1,2,2,20,7,3.6,4,0
938,protect_s,symmetric,21,56,125,2.2321,15,32,2.1333,27,18,18,0,2,1,3,0,0,0,0,0,0,0,0,1,0,20,1,1,1,2,2,20,7,3.6,4,0
939,unified,off,21,136,113,0.8309,35,29,0.8286,0,21,21,0,0,0,0,0,0,0,0,0,0,0,0,0,0,21,1,3,3,2,2,20,10,4.25,11,3
939,protect_l,left,21,108,113,1.0463,28,29,1.0357,47,21,21,0,0,0,0,0,0,0,0,0,0,0,0,0,0,21,1,3,3,2,2,20,10,4.25,8,0
939,protect_s,symmetric,21,88,113,1.2841,23,29,1.2609,57,11,11,0,10,0,10,0,0,0,0,0,0,0,0,0,0,21,1,3,3,2,2,20,10,4.25,8,0
940,unified,off,21,140,113,0.8071,36,29,0.8056,0,21,21,0,0,0,0,0,0,0,1,0,0,0,0,0,0,21,2,4,2,2,2,20,13,3.65,11,9
940,protect_l,left,21,168,113,0.6726,43,29,0.6744,44,20,20,0,1,0,1,0,0,0,0,0,0,0,0,0,0,21,2,4,2,2,2,20,13,3.65,6,0
940,protect_s,symmetric,21,112,113,1.0089,29,29,1.0,50,4,4,0,17,0,17,0,0,0,0,0,0,0,0,0,0,21,2,4,2,2,2,20,13,3.65,6,0
941,unified,off,21,104,81,0.7788,27,21,0.7778,0,21,21,0,0,0,0,0,0,0,0,0,0,0,0,0,0,21,2,1,2,2,2,20,11,3.75,10,3
941,protect_l,left,21,92,81,0.8804,24,21,0.875,23,21,21,0,0,0,0,0,0,0,0,0,0,0,0,0,0,21,2,1,2,2,2,20,11,3.75,8,0
941,protect_s,symmetric,21,64,81,1.2656,17,21,1.2353,30,8,8,0,13,0,13,0,0,0,0,0,0,0,0,0,0,21,2,1,2,2,2,20,11,3.75,8,0
942,unified,off,21,108,77,0.713,28,20,0.7143,0,20,20,0,0,1,1,0,0,0,0,0,0,0,0,1,0,20,2,2,1,2,2,20,12,4.0,8,2
942,protect_l,left,21,80,77,0.9625,21,20,0.9524,28,20,20,0,0,1,1,0,0,0,0,0,0,0,0,1,0,20,2,2,1,2,2,20,12,4.0,7,0
942,protect_s,symmetric,21,52,77,1.4808,14,20,1.4286,33,7,7,0,13,1,14,0,0,0,0,0,0,0,0,1,0,20,2,2,1,2,2,20,12,4.0,7,0
943,unified,off,21,196,157,0.801,50,40,0.8,0,21,21,0,0,0,0,0,0,0,0,0,0,0,0,0,0,21,1,2,5,2,2,20,4,3.45,13,2
943,protect_l,left,21,180,157,0.8722,46,40,0.8696,16,21,21,0,0,0,0,0,0,0,0,0,0,0,0,0,0,21,1,2,5,2,2,20,4,3.45,12,0
943,protect_s,symmetric,21,116,157,1.3534,30,40,1.3333,26,13,13,0,8,0,8,0,0,0,0,0,0,0,0,0,0,21,1,2,5,2,2,20,4,3.45,12,0
944,unified,off,21,60,45,0.75,16,12,0.75,0,21,21,0,0,0,0,0,0,0,0,0,0,0,0,0,0,21,2,3,2,2,2,20,13,4.25,9,4
944,protect_l,left,21,44,45,1.0227,12,12,1.0,21,21,21,0,0,0,0,0,0,0,0,0,0,0,0,0,0,21,2,3,2,2,2,20,13,4.25,5,0
944,protect_s,symmetric,21,36,45,1.25,10,12,1.2,27,21,21,0,0,0,0,0,0,0,0,0,0,0,0,0,0,21,2,3,2,2,2,20,13,4.25,5,0
945,unified,off,21,136,189,1.3897,35,48,1.3714,0,21,21,0,0,0,0,0,0,0,2,0,0,0,0,0,0,21,3,2,1,2,2,20,12,3.35,6,5
945,protect_l,left,21,116,189,1.6293,30,48,1.6,32,20,20,0,1,0,1,0,0,0,0,0,0,0,0,0,0,21,3,2,1,2,2,20,12,3.35,5,0
945,protect_s,symmetric,21,60,189,3.15,16,48,3.0,75,17,17,0,4,0,4,0,0,0,0,0,0,0,0,0,0,21,3,2,1,2,2,20,12,3.35,5,0
946,unified,off,21,112,113,1.0089,29,29,1.0,0,16,16,0,5,0,0,0,0,5,16,0,0,0,0,0,0,21,1,3,3,2,2,20,8,4.0,12,5
946,protect_l,left,21,48,113,2.3542,13,29,2.2308,21,21,21,0,0,0,0,0,0,0,0,0,0,0,0,0,0,21,1,3,3,2,2,20,8,4.0,6,0
946,protect_s,symmetric,21,44,113,2.5682,12,29,2.4167,30,11,11,0,10,0,10,0,0,0,0,0,0,0,0,0,0,21,1,3,3,2,2,20,8,4.0,6,0
947,unified,off,21,248,197,0.7944,63,50,0.7937,0,20,20,0,0,1,1,0,0,0,2,0,0,0,0,1,0,20,1,5,3,2,2,20,9,4.0,15,7
947,protect_l,left,21,124,197,1.5887,32,50,1.5625,27,16,16,0,4,1,5,0,0,0,0,0,0,0,0,1,0,20,1,5,3,2,2,20,9,4.0,9,0
947,protect_s,symmetric,21,68,197,2.8971,18,50,2.7778,33,6,6,0,14,1,15,0,0,0,0,0,0,0,0,1,0,20,1,5,3,2,2,20,9,4.0,9,0
948,unified,off,21,80,53,0.6625,21,14,0.6667,0,21,21,0,0,0,0,0,0,0,0,0,0,0,0,0,0,21,1,3,2,2,2,20,7,3.85,9,2
948,protect_l,left,21,140,53,0.3786,36,14,0.3889,58,21,21,0,0,0,0,0,0,0,0,0,0,0,0,0,0,21,1,3,2,2,2,20,7,3.85,10,0
948,protect_s,symmetric,21,108,53,0.4907,28,14,0.5,63,10,10,0,11,0,11,0,0,0,0,0,0,0,0,0,0,21,1,3,2,2,2,20,7,3.85,10,0
949,unified,off,21,132,153,1.1591,34,39,1.1471,0,21,21,0,0,0,0,0,0,0,0,0,0,0,0,0,0,21,2,4,3,2,2,20,9,3.4,12,3
949,protect_l,left,21,100,153,1.53,26,39,1.5,24,21,21,0,0,0,0,0,0,0,0,0,0,0,0,0,0,21,2,4,3,2,2,20,9,3.4,8,0
949,protect_s,symmetric,21,68,153,2.25,18,39,2.1667,34,9,9,0,12,0,12,0,0,0,0,0,0,0,0,0,0,21,2,4,3,2,2,20,9,3.4,8,0
950,unified,off,21,104,165,1.5865,27,42,1.5556,0,8,8,0,13,0,0,0,0,13,29,0,0,0,0,0,0,21,2,4,1,2,2,20,11,4.0,7,3
950,protect_l,left,21,88,165,1.875,23,42,1.8261,22,9,9,0,12,0,12,0,0,0,0,0,0,0,0,0,0,21,2,4,1,2,2,20,11,4.0,4,0
950,protect_s,symmetric,21,48,165,3.4375,13,42,3.2308,40,7,7,0,14,0,14,0,0,0,0,0,0,0,0,0,0,21,2,4,1,2,2,20,11,4.0,4,0
951,unified,off,20,44,101,2.2955,12,26,2.1667,0,20,20,0,0,0,0,0,0,0,4,0,0,0,0,0,0,20,3,1,1,2,2,20,11,3.55,1,1
951,protect_l,left,20,96,101,1.0521,25,26,1.04,42,20,20,0,0,0,0,0,0,0,0,0,0,0,0,0,0,20,3,1,1,2,2,20,11,3.55,8,0
951,protect_s,symmetric,20,100,101,1.01,26,26,1.0,74,20,20,0,0,0,0,0,0,0,0,0,0,0,0,0,0,20,3,1,1,2,2,20,11,3.55,8,0
952,unified,off,21,84,81,0.9643,22,21,0.9545,0,21,21,0,0,0,0,0,0,0,6,0,0,0,0,0,0,21,3,3,2,2,2,20,13,3.75,9,6
952,protect_l,left,21,48,81,1.6875,13,21,1.6154,12,21,21,0,0,0,0,0,0,0,0,0,0,0,0,0,0,21,3,3,2,2,2,20,13,3.75,4,0
952,protect_s,symmetric,21,28,81,2.8929,8,21,2.625,20,5,5,0,16,0,16,0,0,0,0,0,0,0,0,0,0,21,3,3,2,2,2,20,13,3.75,4,0
953,unified,off,21,144,113,0.7847,37,29,0.7838,0,19,19,0,0,2,2,0,0,0,14,0,0,0,0,2,0,19,1,5,2,2,2,20,10,3.95,12,6
953,protect_l,left,21,64,113,1.7656,17,29,1.7059,13,14,14,0,5,2,7,0,0,0,0,0,0,0,0,2,0,19,1,5,2,2,2,20,10,3.95,4,0
953,protect_s,symmetric,21,28,113,4.0357,8,29,3.625,19,5,5,0,14,2,16,0,0,0,0,0,0,0,0,2,0,19,1,5,2,2,2,20,10,3.95,4,0
954,unified,off,21,96,109,1.1354,25,28,1.12,0,3,3,0,18,0,0,0,0,18,35,0,0,0,0,0,0,21,2,2,2,2,2,20,13,3.8,7,4
954,protect_l,left,21,84,109,1.2976,22,28,1.2727,59,20,20,0,1,0,1,0,0,0,0,0,0,0,0,0,0,21,2,2,2,2,2,20,13,3.8,5,0
954,protect_s,symmetric,21,44,109,2.4773,12,28,2.3333,62,3,3,0,18,0,18,0,0,0,0,0,0,0,0,0,0,21,2,2,2,2,2,20,13,3.8,5,0
955,unified,off,21,196,185,0.9439,50,47,0.94,0,21,21,0,0,0,0,0,0,0,13,0,0,0,0,0,0,21,1,2,3,2,2,20,5,3.55,17,4
955,protect_l,left,21,208,185,0.8894,53,47,0.8868,51,21,21,0,0,0,0,0,0,0,0,0,0,0,0,0,0,21,1,2,3,2,2,20,5,3.55,13,0
955,protect_s,symmetric,21,196,185,0.9439,50,47,0.94,71,18,18,0,3,0,3,0,0,0,0,0,0,0,0,0,0,21,1,2,3,2,2,20,5,3.55,13,0
956,unified,off,21,104,81,0.7788,27,21,0.7778,0,21,21,0,0,0,0,0,0,0,0,0,0,0,0,0,0,21,1,4,3,2,2,20,7,3.8,13,6
956,protect_l,left,21,88,81,0.9205,23,21,0.913,43,21,21,0,0,0,0,0,0,0,0,0,0,0,0,0,0,21,1,4,3,2,2,20,7,3.8,7,0
956,protect_s,symmetric,21,80,81,1.0125,21,21,1.0,51,11,11,0,10,0,10,0,0,0,0,0,0,0,0,0,0,21,1,4,3,2,2,20,7,3.8,7,0
957,unified,off,21,128,113,0.8828,33,29,0.8788,0,21,21,0,0,0,0,0,0,0,0,0,0,0,0,0,0,21,1,4,4,2,2,20,5,3.85,12,3
957,protect_l,left,21,104,113,1.0865,27,29,1.0741,26,21,21,0,0,0,0,0,0,0,0,0,0,0,0,0,0,21,1,4,4,2,2,20,5,3.85,9,0
957,protect_s,symmetric,21,88,113,1.2841,23,29,1.2609,41,17,17,0,4,0,4,0,0,0,0,0,0,0,0,0,0,21,1,4,4,2,2,20,5,3.85,9,0
958,unified,off,21,188,161,0.8564,48,41,0.8542,0,17,17,0,4,0,0,0,0,4,9,0,0,0,0,0,0,21,2,5,1,2,2,20,12,3.65,12,6
958,protect_l,left,21,124,161,1.2984,32,41,1.2812,44,16,16,0,5,0,5,0,0,0,0,0,0,0,0,0,0,21,2,5,1,2,2,20,12,3.65,5,0
958,protect_s,symmetric,21,52,161,3.0962,14,41,2.9286,56,9,9,0,12,0,12,0,0,0,0,0,0,0,0,0,0,21,2,5,1,2,2,20,12,3.65,5,0
959,unified,off,21,60,41,0.6833,16,11,0.6875,0,21,21,0,0,0,0,0,0,0,0,0,0,0,0,0,0,21,1,3,3,2,2,20,9,3.75,9,2
959,protect_l,left,21,48,41,0.8542,13,11,0.8462,16,21,21,0,0,0,0,0,0,0,0,0,0,0,0,0,0,21,1,3,3,2,2,20,9,3.75,7,0
959,protect_s,symmetric,21,40,41,1.025,11,11,1.0,23,12,12,0,9,0,9,0,0,0,0,0,0,0,0,0,0,21,1,3,3,2,2,20,9,3.75,7,0
960,unified,off,21,244,201,0.8238,62,51,0.8226,0,1,1,0,20,0,0,0,0,20,54,0,0,0,0,0,0,21,2,1,3,2,2,20,12,3.75,13,6
960,protect_l,left,21,124,201,1.621,32,51,1.5938,32,21,21,0,0,0,0,0,0,0,0,0,0,0,0,0,0,21,2,1,3,2,2,20,12,3.75,7,0
960,protect_s,symmetric,21,60,201,3.35,16,51,3.1875,40,7,7,0,14,0,14,0,0,0,0,0,0,0,0,0,0,21,2,1,3,2,2,20,12,3.75,7,0
961,unified,off,21,64,61,0.9531,17,16,0.9412,0,21,21,0,0,0,0,0,0,0,0,0,0,0,0,0,0,21,3,1,3,2,2,20,11,3.8,8,4
961,protect_l,left,21,44,61,1.3864,12,16,1.3333,31,21,21,0,0,0,0,0,0,0,0,0,0,0,0,0,0,21,3,1,3,2,2,20,11,3.8,4,0
961,protect_s,symmetric,21,40,61,1.525,11,16,1.4545,38,21,21,0,0,0,0,0,0,0,0,0,0,0,0,0,0,21,3,1,3,2,2,20,11,3.8,4,0
962,unified,off,20,144,125,0.8681,37,32,0.8649,0,3,3,0,16,1,5,0,0,12,26,0,0,0,0,1,0,19,2,3,2,2,2,20,13,3.2,12,6
962,protect_l,left,20,60,125,2.0833,16,32,2.0,21,13,13,0,6,1,7,0,0,0,0,0,0,0,0,1,0,19,2,3,2,2,2,20,13,3.2,3,0
962,protect_s,symmetric,20,28,125,4.4643,8,32,4.0,27,4,4,0,15,1,16,0,0,0,0,0,0,0,0,1,0,19,2,3,2,2,2,20,13,3.2,3,0
963,unified,off,21,116,113,0.9741,30,29,0.9667,0,15,15,0,4,2,6,0,0,0,2,0,0,0,0,2,0,19,2,4,1,2,2,20,10,4.0,13,6
963,protect_l,left,21,36,113,3.1389,10,29,2.9,12,13,13,0,6,2,8,0,0,0,0,0,0,0,0,2,0,19,2,4,1,2,2,20,10,4.0,4,0
963,protect_s,symmetric,21,36,113,3.1389,10,29,2.9,20,5,5,0,14,2,16,0,0,0,0,0,0,0,0,2,0,19,2,4,1,2,2,20,10,4.0,4,0
964,unified,off,21,60,41,0.6833,16,11,0.6875,0,21,21,0,0,0,0,0,0,0,2,0,0,0,0,0,0,21,1,1,2,2,2,20,6,3.95,7,3
964,protect_l,left,21,44,41,0.9318,12,11,0.9167,6,21,21,0,0,0,0,0,0,0,0,0,0,0,0,0,0,21,1,1,2,2,2,20,6,3.95,4,0
964,protect_s,symmetric,21,40,41,1.025,11,11,1.0,17,21,21,0,0,0,0,0,0,0,0,0,0,0,0,0,0,21,1,1,2,2,2,20,6,3.95,4,0
965,unified,off,21,168,181,1.0774,43,46,1.0698,0,19,19,0,0,2,2,0,0,0,1,0,0,0,0,2,0,19,4,2,1,2,2,20,15,3.6,12,8
965,protect_l,left,21,104,181,1.7404,27,46,1.7037,19,19,19,0,0,2,2,0,0,0,0,0,0,0,0,2,0,19,4,2,1,2,2,20,15,3.6,3,0
965,protect_s,symmetric,21,28,181,6.4643,8,46,5.75,24,2,2,0,17,2,19,0,0,0,0,0,0,0,0,2,0,19,4,2,1,2,2,20,15,3.6,3,0
966,unified,off,21,196,173,0.8827,50,44,0.88,0,12,12,0,9,0,0,0,0,9,19,0,0,0,0,0,0,21,1,2,2,2,2,20,7,3.8,15,4
966,protect_l,left,21,144,173,1.2014,37,44,1.1892,57,21,21,0,0,0,0,0,0,0,0,0,0,0,0,0,0,21,1,2,2,2,2,20,7,3.8,11,0
966,protect_s,symmetric,21,120,173,1.4417,31,44,1.4194,73,16,16,0,5,0,5,0,0,0,0,0,0,0,0,0,0,21,1,2,2,2,2,20,7,3.8,11,0
967,unified,off,21,304,285,0.9375,77,72,0.9351,0,5,5,0,16,0,0,0,0,16,33,0,0,0,0,0,0,21,2,1,3,2,2,20,11,3.7,15,9
967,protect_l,left,21,124,285,2.2984,32,72,2.25,19,21,21,0,0,0,0,0,0,0,0,0,0,0,0,0,0,21,2,1,3,2,2,20,11,3.7,6,0
967,protect_s,symmetric,21,40,285,7.125,11,72,6.5455,31,13,13,0,8,0,8,0,0,0,0,0,0,0,0,0,0,21,2,1,3,2,2,20,11,3.7,6,0
968,unified,off,21,136,85,0.625,35,22,0.6286,0,11,11,0,1,9,10,0,0,0,1,0,0,0,0,9,0,12,3,2,2,2,2,20,17,4.5,13,10
968,protect_l,left,21,52,85,1.6346,14,22,1.5714,16,10,10,0,2,9,11,0,0,0,0,0,0,0,0,9,0,12,3,2,2,2,2,20,17,4.5,2,0
968,protect_s,symmetric,21,16,85,5.3125,5,22,4.4,19,3,3,0,9,9,18,0,0,0,0,0,0,0,0,9,0,12,3,2,2,2,2,20,17,4.5,2,0
969,unified,off,21,68,73,1.0735,18,19,1.0556,0,3,3,0,18,0,0,0,0,18,36,0,0,0,0,0,0,21,2,2,2,2,2,20,10,3.55,9,4
969,protect_l,left,21,100,73,0.73,26,19,0.7308,38,21,21,0,0,0,0,0,0,0,0,0,0,0,0,0,0,21,2,2,2,2,2,20,10,3.55,10,0
969,protect_s,symmetric,21,84,73,0.869,22,19,0.8636,54,13,13,0,8,0,8,0,0,0,0,0,0,0,0,0,0,21,2,2,2,2,2,20,10,3.55,10,0
970,unified,off,21,156,145,0.9295,40,37,0.925,0,1,1,0,20,0,0,0,0,20,49,0,0,0,0,0,0,21,3,1,3,2,2,20,14,3.15,11,8
970,protect_l,left,21,68,145,2.1324,18,37,2.0556,9,21,21,0,0,0,0,0,0,0,0,0,0,0,0,0,0,21,3,1,3,2,2,20,14,3.15,1,0
970,protect_s,symmetric,21,24,145,6.0417,7,37,5.2857,25,11,11,0,10,0,10,0,0,0,0,0,0,0,0,0,0,21,3,1,3,2,2,20,14,3.15,1,0
971,unified,off,21,112,97,0.8661,29,25,0.8621,0,21,21,0,0,0,0,0,0,0,10,0,0,0,0,0,0,21,1,1,3,2,2,20,9,3.85,15,6
971,protect_l,left,21,84,97,1.1548,22,25,1.1364,16,21,21,0,0,0,0,0,0,0,0,0,0,0,0,0,0,21,1,1,3,2,2,20,9,3.85,10,0
971,protect_s,symmetric,21,76,97,1.2763,20,25,1.25,27,14,14,0,7,0,7,0,0,0,0,0,0,0,0,0,0,21,1,1,3,2,2,20,9,3.85,10,0
972,unified,off,21,120,105,0.875,31,27,0.871,0,19,19,0,0,2,2,0,0,0,12,0,0,0,0,2,0,19,2,3,4,2,2,20,12,3.7,8,7
972,protect_l,left,21,72,105,1.4583,19,27,1.4211,26,19,19,0,0,2,2,0,0,0,0,0,0,0,0,2,0,19,2,3,4,2,2,20,12,3.7,4,0
972,protect_s,symmetric,21,40,105,2.625,11,27,2.4545,34,9,9,0,10,2,12,0,0,0,0,0,0,0,0,2,0,19,2,3,4,2,2,20,12,3.7,4,0
973,unified,off,21,160,93,0.5813,41,24,0.5854,0,1,1,0,20,0,0,0,0,20,42,0,0,0,0,0,0,21,2,3,3,2,2,20,12,3.65,11,8
973,protect_l,left,21,104,93,0.8942,27,24,0.8889,16,9,9,0,12,0,12,0,0,0,0,0,0,0,0,0,0,21,2,3,3,2,2,20,12,3.65,4,0
973,protect_s,symmetric,21,32,93,2.9062,9,24,2.6667,23,2,2,0,19,0,19,0,0,0,0,0,0,0,0,0,0,21,2,3,3,2,2,20,12,3.65,4,0
974,unified,off,20,56,73,1.3036,15,19,1.2667,0,20,20,0,0,0,0,0,0,0,0,0,0,0,0,0,0,20,2,2,1,2,2,20,13,4.6,2,0
974,protect_l,left,20,56,73,1.3036,15,19,1.2667,8,20,20,0,0,0,0,0,0,0,0,0,0,0,0,0,0,20,2,2,1,2,2,20,13,4.6,2,0
974,protect_s,symmetric,20,36,73,2.0278,10,19,1.9,29,16,16,0,4,0,4,0,0,0,0,0,0,0,0,0,0,20,2,2,1,2,2,20,13,4.6,2,0
975,unified,off,21,180,197,1.0944,46,50,1.087,0,20,20,0,0,1,1,0,0,0,10,0,0,0,0,1,0,20,2,1,3,2,2,20,14,3.9,12,7
975,protect_l,left,21,120,197,1.6417,31,50,1.6129,40,17,17,0,3,1,4,0,0,0,0,0,0,0,0,1,0,20,2,1,3,2,2,20,14,3.9,5,0
975,protect_s,symmetric,21,52,197,3.7885,14,50,3.5714,51,9,9,0,11,1,12,0,0,0,0,0,0,0,0,1,0,20,2,1,3,2,2,20,14,3.9,5,0
976,unified,off,21,312,289,0.9263,79,73,0.9241,0,14,14,0,6,1,1,0,0,6,12,0,0,0,0,1,0,20,2,3,2,2,2,20,15,3.9,18,14
976,protect_l,left,21,140,289,2.0643,36,73,2.0278,32,19,19,0,1,1,2,0,0,0,0,0,0,0,0,1,0,20,2,3,2,2,2,20,15,3.9,4,0
976,protect_s,symmetric,21,48,289,6.0208,13,73,5.6154,42,7,7,0,13,1,14,0,0,0,0,0,0,0,0,1,0,20,2,3,2,2,2,20,15,3.9,4,0
977,unified,off,21,88,69,0.7841,23,18,0.7826,0,21,21,0,0,0,0,0,0,0,0,0,0,0,0,0,0,21,2,3,2,2,2,20,9,3.25,10,3
977,protect_l,left,21,64,69,1.0781,17,18,1.0588,24,21,21,0,0,0,0,0,0,0,0,0,0,0,0,0,0,21,2,3,2,2,2,20,9,3.25,6,0
977,protect_s,symmetric,21,36,69,1.9167,10,18,1.8,33,9,9,0,12,0,12,0,0,0,0,0,0,0,0,0,0,21,2,3,2,2,2,20,9,3.25,6,0
978,unified,off,21,92,93,1.0109,24,24,1.0,0,21,21,0,0,0,0,0,0,0,0,0,0,0,0,0,0,21,2,1,3,2,2,20,9,4.1,8,2
978,protect_l,left,21,120,93,0.775,31,24,0.7742,31,21,21,0,0,0,0,0,0,0,0,0,0,0,0,0,0,21,2,1,3,2,2,20,9,4.1,8,0
978,protect_s,symmetric,21,80,93,1.1625,21,24,1.1429,49,14,14,0,7,0,7,0,0,0,0,0,0,0,0,0,0,21,2,1,3,2,2,20,9,4.1,8,0
979,unified,off,21,208,197,0.9471,53,50,0.9434,0,21,21,0,0,0,0,0,0,0,0,0,0,0,0,0,0,21,1,7,1,2,2,20,7,3.7,13,3
979,protect_l,left,21,108,197,1.8241,28,50,1.7857,25,21,21,0,0,0,0,0,0,0,0,0,0,0,0,0,0,21,1,7,1,2,2,20,7,3.7,9,0
979,protect_s,symmetric,21,48,197,4.1042,13,50,3.8462,41,11,11,0,10,0,10,0,0,0,0,0,0,0,0,0,0,21,1,7,1,2,2,20,7,3.7,9,0
980,unified,off,21,72,73,1.0139,19,19,1.0,0,21,21,0,0,0,0,0,0,0,17,0,0,0,0,0,0,21,1,2,3,2,2,20,10,3.6,10,5
980,protect_l,left,21,96,73,0.7604,25,19,0.76,65,21,21,0,0,0,0,0,0,0,0,0,0,0,0,0,0,21,1,2,3,2,2,20,10,3.6,8,0
980,protect_s,symmetric,21,88,73,0.8295,23,19,0.8261,71,9,9,0,12,0,12,0,0,0,0,0,0,0,0,0,0,21,1,2,3,2,2,20,10,3.6,8,0
981,unified,off,21,196,169,0.8622,50,43,0.86,0,21,21,0,0,0,0,0,0,0,0,0,0,0,0,0,0,21,1,4,3,2,2,20,7,4.1,14,5
981,protect_l,left,21,120,169,1.4083,31,43,1.3871,35,20,20,0,1,0,1,0,0,0,0,0,0,0,0,0,0,21,1,4,3,2,2,20,7,4.1,9,0
981,protect_s,symmetric,21,96,169,1.7604,25,43,1.72,41,11,11,0,10,0,10,0,0,0,0,0,0,0,0,0,0,21,1,4,3,2,2,20,7,4.1,9,0
982,unified,off,21,188,161,0.8564,48,41,0.8542,0,17,17,0,1,3,4,0,0,0,9,0,0,0,0,3,0,18,1,2,4,2,2,20,8,3.9,13,6
982,protect_l,left,21,120,161,1.3417,31,41,1.3226,42,15,15,0,3,3,6,0,0,0,0,0,0,0,0,3,0,18,1,2,4,2,2,20,8,3.9,7,0
982,protect_s,symmetric,21,84,161,1.9167,22,41,1.8636,52,11,11,0,7,3,10,0,0,0,0,0,0,0,0,3,0,18,1,2,4,2,2,20,8,3.9,7,0
983,unified,off,21,104,125,1.2019,27,32,1.1852,0,21,21,0,0,0,0,0,0,0,3,0,0,0,0,0,0,21,1,3,1,2,2,20,4,3.8,9,1
983,protect_l,left,21,96,125,1.3021,25,32,1.28,23,21,21,0,0,0,0,0,0,0,0,0,0,0,0,0,0,21,1,3,1,2,2,20,4,3.8,8,0
983,protect_s,symmetric,21,60,125,2.0833,16,32,2.0,32,14,14,0,7,0,7,0,0,0,0,0,0,0,0,0,0,21,1,3,1,2,2,20,4,3.8,8,0
984,unified,off,21,156,141,0.9038,40,36,0.9,0,18,18,0,0,3,3,0,0,0,1,0,0,0,0,3,0,18,2,2,6,2,2,20,11,4.0,11,6
984,protect_l,left,21,112,141,1.2589,29,36,1.2414,23,16,16,0,2,3,5,0,0,0,0,0,0,0,0,3,0,18,2,2,6,2,2,20,11,4.0,5,0
984,protect_s,symmetric,21,60,141,2.35,16,36,2.25,30,6,6,0,12,3,15,0,0,0,0,0,0,0,0,3,0,18,2,2,6,2,2,20,11,4.0,5,0
985,unified,off,21,144,141,0.9792,37,36,0.973,0,6,6,0,15,0,0,0,0,15,34,0,0,0,0,0,0,21,2,4,2,2,2,20,11,3.6,11,6
985,protect_l,left,21,116,141,1.2155,30,36,1.2,56,20,20,0,1,0,1,0,0,0,0,0,0,0,0,0,0,21,2,4,2,2,2,20,11,3.6,7,0
985,protect_s,symmetric,21,88,141,1.6023,23,36,1.5652,63,6,6,0,15,0,15,0,0,0,0,0,0,0,0,0,0,21,2,4,2,2,2,20,11,3.6,7,0
986,unified,off,21,172,141,0.8198,44,36,0.8182,0,21,21,0,0,0,0,0,0,0,0,0,0,0,0,0,0,21,1,4,3,2,2,20,8,3.75,15,6
986,protect_l,left,21,220,141,0.6409,56,36,0.6429,81,21,21,0,0,0,0,0,0,0,0,0,0,0,0,0,0,21,1,4,3,2,2,20,8,3.75,11,0
986,protect_s,symmetric,21,196,141,0.7194,50,36,0.72,88,11,11,0,10,0,10,0,0,0,0,0,0,0,0,0,0,21,1,4,3,2,2,20,8,3.75,11,0
987,unified,off,21,140,77,0.55,36,20,0.5556,0,7,7,0,3,11,14,0,0,0,2,0,0,0,0,11,0,10,2,4,2,2,2,20,11,3.9,12,6
987,protect_l,left,21,96,77,0.8021,25,20,0.8,14,8,8,0,2,11,13,0,0,0,0,0,0,0,0,11,0,10,2,4,2,2,2,20,11,3.9,5,0
987,protect_s,symmetric,21,48,77,1.6042,13,20,1.5385,23,6,6,0,4,11,15,0,0,0,0,0,0,0,0,11,0,10,2,4,2,2,2,20,11,3.9,5,0
988,unified,off,21,88,61,0.6932,23,16,0.6957,0,21,21,0,0,0,0,0,0,0,0,0,0,0,0,0,0,21,2,3,3,2,2,20,11,3.7,13,7
988,protect_l,left,21,48,61,1.2708,13,16,1.2308,23,16,16,0,5,0,5,0,0,0,0,0,0,0,0,0,0,21,2,3,3,2,2,20,11,3.7,5,0
988,protect_s,symmetric,21,36,61,1.6944,10,16,1.6,31,6,6,0,15,0,15,0,0,0,0,0,0,0,0,0,0,21,2,3,3,2,2,20,11,3.7,5,0
989,unified,off,19,148,137,0.9257,38,35,0.9211,0,18,18,0,0,1,1,0,0,0,0,0,0,0,0,1,0,18,1,1,5,2,2,20,5,4.05,13,2
989,protect_l,left,19,132,137,1.0379,34,35,1.0294,30,18,18,0,0,1,1,0,0,0,0,0,0,0,0,1,0,18,1,1,5,2,2,20,5,4.05,11,0
989,protect_s,symmetric,19,96,137,1.4271,25,35,1.4,38,13,13,0,5,1,6,0,0,0,0,0,0,0,0,1,0,18,1,1,5,2,2,20,5,4.05,11,0
990,unified,off,21,108,101,0.9352,28,26,0.9286,0,21,21,0,0,0,0,0,0,0,0,0,0,0,0,0,0,21,1,3,1,2,2,20,5,3.5,11,1
990,protect_l,left,21,100,101,1.01,26,26,1.0,16,21,21,0,0,0,0,0,0,0,0,0,0,0,0,0,0,21,1,3,1,2,2,20,5,3.5,11,0
990,protect_s,symmetric,21,96,101,1.0521,25,26,1.04,29,16,16,0,5,0,5,0,0,0,0,0,0,0,0,0,0,21,1,3,1,2,2,20,5,3.5,11,0
991,unified,off,21,100,57,0.57,26,15,0.5769,0,19,19,0,0,2,2,0,0,0,0,0,0,0,0,2,0,19,2,1,5,2,2,20,15,4.25,10,7
991,protect_l,left,21,68,57,0.8382,18,15,0.8333,6,19,19,0,0,2,2,0,0,0,0,0,0,0,0,2,0,19,2,1,5,2,2,20,15,4.25,2,0
991,protect_s,symmetric,21,20,57,2.85,6,15,2.5,9,4,4,0,15,2,17,0,0,0,0,0,0,0,0,2,0,19,2,1,5,2,2,20,15,4.25,2,0
992,unified,off,21,84,53,0.631,22,14,0.6364,0,21,21,0,0,0,0,0,0,0,13,0,0,0,0,0,0,21,1,3,2,2,2,20,8,3.95,13,5
992,protect_l,left,21,60,53,0.8833,16,14,0.875,10,21,21,0,0,0,0,0,0,0,0,0,0,0,0,0,0,21,1,3,2,2,2,20,8,3.95,7,0
992,protect_s,symmetric,21,48,53,1.1042,13,14,1.0769,16,9,9,0,12,0,12,0,0,0,0,0,0,0,0,0,0,21,1,3,2,2,2,20,8,3.95,7,0
993,unified,off,21,228,185,0.8114,58,47,0.8103,0,21,21,0,0,0,0,0,0,0,3,0,0,0,0,0,0,21,1,3,4,2,2,20,10,3.65,18,8
993,protect_l,left,21,160,185,1.1562,41,47,1.1463,71,20,20,0,1,0,1,0,0,0,0,0,0,0,0,0,0,21,1,3,4,2,2,20,10,3.65,10,0
993,protect_s,symmetric,21,136,185,1.3603,35,47,1.3429,77,10,10,0,11,0,11,0,0,0,0,0,0,0,0,0,0,21,1,3,4,2,2,20,10,3.65,10,0
994,unified,off,20,200,137,0.685,51,35,0.6863,0,18,18,0,0,2,2,0,0,0,3,0,0,0,0,2,0,18,2,2,4,2,2,20,12,3.4,15,8
994,protect_l,left,20,96,137,1.4271,25,35,1.4,39,18,18,0,0,2,2,0,0,0,0,0,0,0,0,2,0,18,2,2,4,2,2,20,12,3.4,7,0
994,protect_s,symmetric,20,44,137,3.1136,12,35,2.9167,45,5,5,0,13,2,15,0,0,0,0,0,0,0,0,2,0,18,2,2,4,2,2,20,12,3.4,7,0
995,unified,off,21,316,321,1.0158,80,81,1.0125,0,11,11,0,9,1,1,0,0,9,26,0,0,0,0,1,0,20,3,3,3,2,2,20,13,3.6,15,9
995,protect_l,left,21,80,321,4.0125,21,81,3.8571,18,11,11,0,9,1,10,0,0,0,0,0,0,0,0,1,0,20,3,3,3,2,2,20,13,3.6,3,0
995,protect_s,symmetric,21,20,321,16.05,6,81,13.5,24,5,5,0,15,1,16,0,0,0,0,0,0,0,0,1,0,20,3,3,3,2,2,20,13,3.6,3,0
996,unified,off,21,92,117,1.2717,24,30,1.25,0,17,17,0,0,4,4,0,0,0,2,0,0,0,0,4,0,17,1,2,3,2,2,20,6,3.9,8,2
996,protect_l,left,21,84,117,1.3929,22,30,1.3636,13,16,16,0,1,4,5,0,0,0,0,0,0,0,0,4,0,17,1,2,3,2,2,20,6,3.9,7,0
996,protect_s,symmetric,21,56,117,2.0893,15,30,2.0,17,13,13,0,4,4,8,0,0,0,0,0,0,0,0,4,0,17,1,2,3,2,2,20,6,3.9,7,0
997,unified,off,21,224,149,0.6652,57,38,0.6667,0,19,19,0,0,2,2,0,0,0,0,0,0,0,0,2,0,19,2,3,5,2,2,20,12,4.15,13,7
997,protect_l,left,21,116,149,1.2845,30,38,1.2667,27,18,18,0,1,2,3,0,0,0,0,0,0,0,0,2,0,19,2,3,5,2,2,20,12,4.15,6,0
997,protect_s,symmetric,21,60,149,2.4833,16,38,2.375,34,5,5,0,14,2,16,0,0,0,0,0,0,0,0,2,0,19,2,3,5,2,2,20,12,4.15,6,0
998,unified,off,19,264,281,1.0644,67,71,1.0597,0,7,7,0,11,1,1,0,0,11,26,0,0,0,0,1,0,18,1,3,2,2,2,20,6,3.65,18,5
998,protect_l,left,19,156,281,1.8013,40,71,1.775,45,17,17,0,1,1,2,0,0,0,0,0,0,0,0,1,0,18,1,3,2,2,2,20,6,3.65,12,0
998,protect_s,symmetric,19,108,281,2.6019,28,71,2.5357,53,11,11,0,7,1,8,0,0,0,0,0,0,0,0,1,0,18,1,3,2,2,2,20,6,3.65,12,0
999,unified,off,20,56,65,1.1607,15,17,1.1333,0,20,20,0,0,0,0,0,0,0,0,0,0,0,0,0,0,20,1,1,5,2,2,20,8,4.1,9,4
999,protect_l,left,20,48,65,1.3542,13,17,1.3077,20,20,20,0,0,0,0,0,0,0,0,0,0,0,0,0,0,20,1,1,5,2,2,20,8,4.1,7,0
999,protect_s,symmetric,20,44,65,1.4773,12,17,1.4167,24,11,11,0,9,0,9,0,0,0,0,0,0,0,0,0,0,20,1,1,5,2,2,20,8,4.1,7,0
